# N = 1244, version = 1
# 100 facet sizes: [25, 20, 20, 25, 16, 20]
# 111 facet sizes: [56, 65, 65, 61, 75, 60, 65, 56]
# 100 hollow sites: [16, 12, 12, 16, 9, 12]
# 111 hollow sites: [44, 52, 52, 48, 61, 48, 52, 44]
# edges: [5, 5, 5, 5, 4, 5, 4, 5, 4, 5, 4, 5, 5, 5, 5, 5, 4, 4, 4, 4, 5, 4, 5, 4, 6, 5, 5, 6, 6, 6, 5, 5, 6, 6, 6, 5]
# x,          y,          z
  -1.942122186495183   -1.745980707395503   -5.795547219435491
  -0.942122186495183   -1.745980707395503   -5.795547219435491
   0.057877813504817   -1.745980707395503   -5.795547219435491
   1.057877813504817   -1.745980707395503   -5.795547219435491
   2.057877813504817   -1.745980707395503   -5.795547219435491
  -1.942122186495183   -0.745980707395503   -5.795547219435491
  -0.942122186495183   -0.745980707395503   -5.795547219435491
   0.057877813504817   -0.745980707395503   -5.795547219435491
   1.057877813504817   -0.745980707395503   -5.795547219435491
   2.057877813504817   -0.745980707395503   -5.795547219435491
  -1.942122186495183    0.254019292604497   -5.795547219435491
  -0.942122186495183    0.254019292604497   -5.795547219435491
   0.057877813504817    0.254019292604497   -5.795547219435491
   1.057877813504817    0.254019292604497   -5.795547219435491
   2.057877813504817    0.254019292604497   -5.795547219435491
  -1.942122186495183    1.254019292604497   -5.795547219435491
  -0.942122186495183    1.254019292604497   -5.795547219435491
   0.057877813504817    1.254019292604497   -5.795547219435491
   1.057877813504817    1.254019292604497   -5.795547219435491
   2.057877813504817    1.254019292604497   -5.795547219435491
  -2.442122186495183   -2.245980707395503   -5.088440438248938
  -1.442122186495183   -2.245980707395503   -5.088440438248938
  -0.442122186495183   -2.245980707395503   -5.088440438248938
   0.557877813504817   -2.245980707395503   -5.088440438248938
   1.557877813504817   -2.245980707395503   -5.088440438248938
   2.557877813504817   -2.245980707395503   -5.088440438248938
  -2.442122186495183   -1.245980707395503   -5.088440438248938
  -1.442122186495183   -1.245980707395503   -5.088440438248938
  -0.442122186495183   -1.245980707395503   -5.088440438248938
   0.557877813504817   -1.245980707395503   -5.088440438248938
   1.557877813504817   -1.245980707395503   -5.088440438248938
   2.557877813504817   -1.245980707395503   -5.088440438248938
  -2.442122186495183   -0.245980707395503   -5.088440438248938
  -1.442122186495183   -0.245980707395503   -5.088440438248938
  -0.442122186495183   -0.245980707395503   -5.088440438248938
   0.557877813504817   -0.245980707395503   -5.088440438248938
   1.557877813504817   -0.245980707395503   -5.088440438248938
   2.557877813504817   -0.245980707395503   -5.088440438248938
  -2.442122186495183    0.754019292604497   -5.088440438248938
  -1.442122186495183    0.754019292604497   -5.088440438248938
  -0.442122186495183    0.754019292604497   -5.088440438248938
   0.557877813504817    0.754019292604497   -5.088440438248938
   1.557877813504817    0.754019292604497   -5.088440438248938
   2.557877813504817    0.754019292604497   -5.088440438248938
  -2.442122186495183    1.754019292604497   -5.088440438248938
  -1.442122186495183    1.754019292604497   -5.088440438248938
  -0.442122186495183    1.754019292604497   -5.088440438248938
   0.557877813504817    1.754019292604497   -5.088440438248938
   1.557877813504817    1.754019292604497   -5.088440438248938
   2.557877813504817    1.754019292604497   -5.088440438248938
  -2.942122186495183   -2.745980707395503   -4.381333657062392
  -1.942122186495183   -2.745980707395503   -4.381333657062392
  -0.942122186495183   -2.745980707395503   -4.381333657062392
   0.057877813504817   -2.745980707395503   -4.381333657062392
   1.057877813504817   -2.745980707395503   -4.381333657062392
   2.057877813504817   -2.745980707395503   -4.381333657062392
   3.057877813504817   -2.745980707395503   -4.381333657062392
  -2.942122186495183   -1.745980707395503   -4.381333657062392
  -1.942122186495183   -1.745980707395503   -4.381333657062392
  -0.942122186495183   -1.745980707395503   -4.381333657062392
   0.057877813504817   -1.745980707395503   -4.381333657062392
   1.057877813504817   -1.745980707395503   -4.381333657062392
   2.057877813504817   -1.745980707395503   -4.381333657062392
   3.057877813504817   -1.745980707395503   -4.381333657062392
  -2.942122186495183   -0.745980707395503   -4.381333657062392
  -1.942122186495183   -0.745980707395503   -4.381333657062392
  -0.942122186495183   -0.745980707395503   -4.381333657062392
   0.057877813504817   -0.745980707395503   -4.381333657062392
   1.057877813504817   -0.745980707395503   -4.381333657062392
   2.057877813504817   -0.745980707395503   -4.381333657062392
   3.057877813504817   -0.745980707395503   -4.381333657062392
  -2.942122186495183    0.254019292604497   -4.381333657062392
  -1.942122186495183    0.254019292604497   -4.381333657062392
  -0.942122186495183    0.254019292604497   -4.381333657062392
   0.057877813504817    0.254019292604497   -4.381333657062392
   1.057877813504817    0.254019292604497   -4.381333657062392
   2.057877813504817    0.254019292604497   -4.381333657062392
   3.057877813504817    0.254019292604497   -4.381333657062392
  -2.942122186495183    1.254019292604497   -4.381333657062392
  -1.942122186495183    1.254019292604497   -4.381333657062392
  -0.942122186495183    1.254019292604497   -4.381333657062392
   0.057877813504817    1.254019292604497   -4.381333657062392
   1.057877813504817    1.254019292604497   -4.381333657062392
   2.057877813504817    1.254019292604497   -4.381333657062392
   3.057877813504817    1.254019292604497   -4.381333657062392
  -2.942122186495183    2.254019292604497   -4.381333657062392
  -1.942122186495183    2.254019292604497   -4.381333657062392
  -0.942122186495183    2.254019292604497   -4.381333657062392
   0.057877813504817    2.254019292604497   -4.381333657062392
   1.057877813504817    2.254019292604497   -4.381333657062392
   2.057877813504817    2.254019292604497   -4.381333657062392
   3.057877813504817    2.254019292604497   -4.381333657062392
  -3.442122186495183   -3.245980707395503   -3.674226875875846
  -2.442122186495183   -3.245980707395503   -3.674226875875846
  -1.442122186495183   -3.245980707395503   -3.674226875875846
  -0.442122186495183   -3.245980707395503   -3.674226875875846
   0.557877813504817   -3.245980707395503   -3.674226875875846
   1.557877813504817   -3.245980707395503   -3.674226875875846
   2.557877813504817   -3.245980707395503   -3.674226875875846
   3.557877813504817   -3.245980707395503   -3.674226875875846
  -3.442122186495183   -2.245980707395503   -3.674226875875846
  -2.442122186495183   -2.245980707395503   -3.674226875875846
  -1.442122186495183   -2.245980707395503   -3.674226875875846
  -0.442122186495183   -2.245980707395503   -3.674226875875846
   0.557877813504817   -2.245980707395503   -3.674226875875846
   1.557877813504817   -2.245980707395503   -3.674226875875846
   2.557877813504817   -2.245980707395503   -3.674226875875846
   3.557877813504817   -2.245980707395503   -3.674226875875846
  -3.442122186495183   -1.245980707395503   -3.674226875875846
  -2.442122186495183   -1.245980707395503   -3.674226875875846
  -1.442122186495183   -1.245980707395503   -3.674226875875846
  -0.442122186495183   -1.245980707395503   -3.674226875875846
   0.557877813504817   -1.245980707395503   -3.674226875875846
   1.557877813504817   -1.245980707395503   -3.674226875875846
   2.557877813504817   -1.245980707395503   -3.674226875875846
   3.557877813504817   -1.245980707395503   -3.674226875875846
  -3.442122186495183   -0.245980707395503   -3.674226875875846
  -2.442122186495183   -0.245980707395503   -3.674226875875846
  -1.442122186495183   -0.245980707395503   -3.674226875875846
  -0.442122186495183   -0.245980707395503   -3.674226875875846
   0.557877813504817   -0.245980707395503   -3.674226875875846
   1.557877813504817   -0.245980707395503   -3.674226875875846
   2.557877813504817   -0.245980707395503   -3.674226875875846
   3.557877813504817   -0.245980707395503   -3.674226875875846
  -3.442122186495183    0.754019292604497   -3.674226875875846
  -2.442122186495183    0.754019292604497   -3.674226875875846
  -1.442122186495183    0.754019292604497   -3.674226875875846
  -0.442122186495183    0.754019292604497   -3.674226875875846
   0.557877813504817    0.754019292604497   -3.674226875875846
   1.557877813504817    0.754019292604497   -3.674226875875846
   2.557877813504817    0.754019292604497   -3.674226875875846
   3.557877813504817    0.754019292604497   -3.674226875875846
  -3.442122186495183    1.754019292604497   -3.674226875875846
  -2.442122186495183    1.754019292604497   -3.674226875875846
  -1.442122186495183    1.754019292604497   -3.674226875875846
  -0.442122186495183    1.754019292604497   -3.674226875875846
   0.557877813504817    1.754019292604497   -3.674226875875846
   1.557877813504817    1.754019292604497   -3.674226875875846
   2.557877813504817    1.754019292604497   -3.674226875875846
   3.557877813504817    1.754019292604497   -3.674226875875846
  -3.442122186495183    2.754019292604497   -3.674226875875846
  -2.442122186495183    2.754019292604497   -3.674226875875846
  -1.442122186495183    2.754019292604497   -3.674226875875846
  -0.442122186495183    2.754019292604497   -3.674226875875846
   0.557877813504817    2.754019292604497   -3.674226875875846
   1.557877813504817    2.754019292604497   -3.674226875875846
   2.557877813504817    2.754019292604497   -3.674226875875846
   3.557877813504817    2.754019292604497   -3.674226875875846
  -3.942122186495183   -3.745980707395503   -2.967120094689299
  -2.942122186495183   -3.745980707395503   -2.967120094689299
  -1.942122186495183   -3.745980707395503   -2.967120094689299
  -0.942122186495183   -3.745980707395503   -2.967120094689299
   0.057877813504817   -3.745980707395503   -2.967120094689299
   1.057877813504817   -3.745980707395503   -2.967120094689299
   2.057877813504817   -3.745980707395503   -2.967120094689299
   3.057877813504817   -3.745980707395503   -2.967120094689299
   4.057877813504817   -3.745980707395503   -2.967120094689299
  -3.942122186495183   -2.745980707395503   -2.967120094689299
  -2.942122186495183   -2.745980707395503   -2.967120094689299
  -1.942122186495183   -2.745980707395503   -2.967120094689299
  -0.942122186495183   -2.745980707395503   -2.967120094689299
   0.057877813504817   -2.745980707395503   -2.967120094689299
   1.057877813504817   -2.745980707395503   -2.967120094689299
   2.057877813504817   -2.745980707395503   -2.967120094689299
   3.057877813504817   -2.745980707395503   -2.967120094689299
   4.057877813504817   -2.745980707395503   -2.967120094689299
  -3.942122186495183   -1.745980707395503   -2.967120094689299
  -2.942122186495183   -1.745980707395503   -2.967120094689299
  -1.942122186495183   -1.745980707395503   -2.967120094689299
  -0.942122186495183   -1.745980707395503   -2.967120094689299
   0.057877813504817   -1.745980707395503   -2.967120094689299
   1.057877813504817   -1.745980707395503   -2.967120094689299
   2.057877813504817   -1.745980707395503   -2.967120094689299
   3.057877813504817   -1.745980707395503   -2.967120094689299
   4.057877813504817   -1.745980707395503   -2.967120094689299
  -3.942122186495183   -0.745980707395503   -2.967120094689299
  -2.942122186495183   -0.745980707395503   -2.967120094689299
  -1.942122186495183   -0.745980707395503   -2.967120094689299
  -0.942122186495183   -0.745980707395503   -2.967120094689299
   0.057877813504817   -0.745980707395503   -2.967120094689299
   1.057877813504817   -0.745980707395503   -2.967120094689299
   2.057877813504817   -0.745980707395503   -2.967120094689299
   3.057877813504817   -0.745980707395503   -2.967120094689299
   4.057877813504817   -0.745980707395503   -2.967120094689299
  -3.942122186495183    0.254019292604497   -2.967120094689299
  -2.942122186495183    0.254019292604497   -2.967120094689299
  -1.942122186495183    0.254019292604497   -2.967120094689299
  -0.942122186495183    0.254019292604497   -2.967120094689299
   0.057877813504817    0.254019292604497   -2.967120094689299
   1.057877813504817    0.254019292604497   -2.967120094689299
   2.057877813504817    0.254019292604497   -2.967120094689299
   3.057877813504817    0.254019292604497   -2.967120094689299
   4.057877813504817    0.254019292604497   -2.967120094689299
  -3.942122186495183    1.254019292604497   -2.967120094689299
  -2.942122186495183    1.254019292604497   -2.967120094689299
  -1.942122186495183    1.254019292604497   -2.967120094689299
  -0.942122186495183    1.254019292604497   -2.967120094689299
   0.057877813504817    1.254019292604497   -2.967120094689299
   1.057877813504817    1.254019292604497   -2.967120094689299
   2.057877813504817    1.254019292604497   -2.967120094689299
   3.057877813504817    1.254019292604497   -2.967120094689299
   4.057877813504817    1.254019292604497   -2.967120094689299
  -3.942122186495183    2.254019292604497   -2.967120094689299
  -2.942122186495183    2.254019292604497   -2.967120094689299
  -1.942122186495183    2.254019292604497   -2.967120094689299
  -0.942122186495183    2.254019292604497   -2.967120094689299
   0.057877813504817    2.254019292604497   -2.967120094689299
   1.057877813504817    2.254019292604497   -2.967120094689299
   2.057877813504817    2.254019292604497   -2.967120094689299
   3.057877813504817    2.254019292604497   -2.967120094689299
   4.057877813504817    2.254019292604497   -2.967120094689299
  -3.942122186495183    3.254019292604497   -2.967120094689299
  -2.942122186495183    3.254019292604497   -2.967120094689299
  -1.942122186495183    3.254019292604497   -2.967120094689299
  -0.942122186495183    3.254019292604497   -2.967120094689299
   0.057877813504817    3.254019292604497   -2.967120094689299
   1.057877813504817    3.254019292604497   -2.967120094689299
   2.057877813504817    3.254019292604497   -2.967120094689299
   3.057877813504817    3.254019292604497   -2.967120094689299
   4.057877813504817    3.254019292604497   -2.967120094689299
  -4.442122186495183   -4.245980707395503   -2.260013313502753
  -3.442122186495183   -4.245980707395503   -2.260013313502753
  -2.442122186495183   -4.245980707395503   -2.260013313502753
  -1.442122186495183   -4.245980707395503   -2.260013313502753
  -0.442122186495183   -4.245980707395503   -2.260013313502753
   0.557877813504817   -4.245980707395503   -2.260013313502753
   1.557877813504817   -4.245980707395503   -2.260013313502753
   2.557877813504817   -4.245980707395503   -2.260013313502753
   3.557877813504817   -4.245980707395503   -2.260013313502753
  -4.442122186495183   -3.245980707395503   -2.260013313502753
  -3.442122186495183   -3.245980707395503   -2.260013313502753
  -2.442122186495183   -3.245980707395503   -2.260013313502753
  -1.442122186495183   -3.245980707395503   -2.260013313502753
  -0.442122186495183   -3.245980707395503   -2.260013313502753
   0.557877813504817   -3.245980707395503   -2.260013313502753
   1.557877813504817   -3.245980707395503   -2.260013313502753
   2.557877813504817   -3.245980707395503   -2.260013313502753
   3.557877813504817   -3.245980707395503   -2.260013313502753
   4.557877813504817   -3.245980707395503   -2.260013313502753
  -4.442122186495183   -2.245980707395503   -2.260013313502753
  -3.442122186495183   -2.245980707395503   -2.260013313502753
  -2.442122186495183   -2.245980707395503   -2.260013313502753
  -1.442122186495183   -2.245980707395503   -2.260013313502753
  -0.442122186495183   -2.245980707395503   -2.260013313502753
   0.557877813504817   -2.245980707395503   -2.260013313502753
   1.557877813504817   -2.245980707395503   -2.260013313502753
   2.557877813504817   -2.245980707395503   -2.260013313502753
   3.557877813504817   -2.245980707395503   -2.260013313502753
   4.557877813504817   -2.245980707395503   -2.260013313502753
  -4.442122186495183   -1.245980707395503   -2.260013313502753
  -3.442122186495183   -1.245980707395503   -2.260013313502753
  -2.442122186495183   -1.245980707395503   -2.260013313502753
  -1.442122186495183   -1.245980707395503   -2.260013313502753
  -0.442122186495183   -1.245980707395503   -2.260013313502753
   0.557877813504817   -1.245980707395503   -2.260013313502753
   1.557877813504817   -1.245980707395503   -2.260013313502753
   2.557877813504817   -1.245980707395503   -2.260013313502753
   3.557877813504817   -1.245980707395503   -2.260013313502753
   4.557877813504817   -1.245980707395503   -2.260013313502753
  -4.442122186495183   -0.245980707395503   -2.260013313502753
  -3.442122186495183   -0.245980707395503   -2.260013313502753
  -2.442122186495183   -0.245980707395503   -2.260013313502753
  -1.442122186495183   -0.245980707395503   -2.260013313502753
  -0.442122186495183   -0.245980707395503   -2.260013313502753
   0.557877813504817   -0.245980707395503   -2.260013313502753
   1.557877813504817   -0.245980707395503   -2.260013313502753
   2.557877813504817   -0.245980707395503   -2.260013313502753
   3.557877813504817   -0.245980707395503   -2.260013313502753
   4.557877813504817   -0.245980707395503   -2.260013313502753
  -4.442122186495183    0.754019292604497   -2.260013313502753
  -3.442122186495183    0.754019292604497   -2.260013313502753
  -2.442122186495183    0.754019292604497   -2.260013313502753
  -1.442122186495183    0.754019292604497   -2.260013313502753
  -0.442122186495183    0.754019292604497   -2.260013313502753
   0.557877813504817    0.754019292604497   -2.260013313502753
   1.557877813504817    0.754019292604497   -2.260013313502753
   2.557877813504817    0.754019292604497   -2.260013313502753
   3.557877813504817    0.754019292604497   -2.260013313502753
   4.557877813504817    0.754019292604497   -2.260013313502753
  -4.442122186495183    1.754019292604497   -2.260013313502753
  -3.442122186495183    1.754019292604497   -2.260013313502753
  -2.442122186495183    1.754019292604497   -2.260013313502753
  -1.442122186495183    1.754019292604497   -2.260013313502753
  -0.442122186495183    1.754019292604497   -2.260013313502753
   0.557877813504817    1.754019292604497   -2.260013313502753
   1.557877813504817    1.754019292604497   -2.260013313502753
   2.557877813504817    1.754019292604497   -2.260013313502753
   3.557877813504817    1.754019292604497   -2.260013313502753
   4.557877813504817    1.754019292604497   -2.260013313502753
  -4.442122186495183    2.754019292604497   -2.260013313502753
  -3.442122186495183    2.754019292604497   -2.260013313502753
  -2.442122186495183    2.754019292604497   -2.260013313502753
  -1.442122186495183    2.754019292604497   -2.260013313502753
  -0.442122186495183    2.754019292604497   -2.260013313502753
   0.557877813504817    2.754019292604497   -2.260013313502753
   1.557877813504817    2.754019292604497   -2.260013313502753
   2.557877813504817    2.754019292604497   -2.260013313502753
   3.557877813504817    2.754019292604497   -2.260013313502753
   4.557877813504817    2.754019292604497   -2.260013313502753
  -4.442122186495183    3.754019292604497   -2.260013313502753
  -3.442122186495183    3.754019292604497   -2.260013313502753
  -2.442122186495183    3.754019292604497   -2.260013313502753
  -1.442122186495183    3.754019292604497   -2.260013313502753
  -0.442122186495183    3.754019292604497   -2.260013313502753
   0.557877813504817    3.754019292604497   -2.260013313502753
   1.557877813504817    3.754019292604497   -2.260013313502753
   2.557877813504817    3.754019292604497   -2.260013313502753
   3.557877813504817    3.754019292604497   -2.260013313502753
   4.557877813504817    3.754019292604497   -2.260013313502753
  -3.942122186495183   -4.745980707395503   -1.552906532316207
  -2.942122186495183   -4.745980707395503   -1.552906532316207
  -1.942122186495183   -4.745980707395503   -1.552906532316207
  -0.942122186495183   -4.745980707395503   -1.552906532316207
   0.057877813504817   -4.745980707395503   -1.552906532316207
   1.057877813504817   -4.745980707395503   -1.552906532316207
   2.057877813504817   -4.745980707395503   -1.552906532316207
   3.057877813504817   -4.745980707395503   -1.552906532316207
  -4.942122186495183   -3.745980707395503   -1.552906532316207
  -3.942122186495183   -3.745980707395503   -1.552906532316207
  -2.942122186495183   -3.745980707395503   -1.552906532316207
  -1.942122186495183   -3.745980707395503   -1.552906532316207
  -0.942122186495183   -3.745980707395503   -1.552906532316207
   0.057877813504817   -3.745980707395503   -1.552906532316207
   1.057877813504817   -3.745980707395503   -1.552906532316207
   2.057877813504817   -3.745980707395503   -1.552906532316207
   3.057877813504817   -3.745980707395503   -1.552906532316207
   4.057877813504817   -3.745980707395503   -1.552906532316207
  -4.942122186495183   -2.745980707395503   -1.552906532316207
  -3.942122186495183   -2.745980707395503   -1.552906532316207
  -2.942122186495183   -2.745980707395503   -1.552906532316207
  -1.942122186495183   -2.745980707395503   -1.552906532316207
  -0.942122186495183   -2.745980707395503   -1.552906532316207
   0.057877813504817   -2.745980707395503   -1.552906532316207
   1.057877813504817   -2.745980707395503   -1.552906532316207
   2.057877813504817   -2.745980707395503   -1.552906532316207
   3.057877813504817   -2.745980707395503   -1.552906532316207
   4.057877813504817   -2.745980707395503   -1.552906532316207
   5.057877813504817   -2.745980707395503   -1.552906532316207
  -4.942122186495183   -1.745980707395503   -1.552906532316207
  -3.942122186495183   -1.745980707395503   -1.552906532316207
  -2.942122186495183   -1.745980707395503   -1.552906532316207
  -1.942122186495183   -1.745980707395503   -1.552906532316207
  -0.942122186495183   -1.745980707395503   -1.552906532316207
   0.057877813504817   -1.745980707395503   -1.552906532316207
   1.057877813504817   -1.745980707395503   -1.552906532316207
   2.057877813504817   -1.745980707395503   -1.552906532316207
   3.057877813504817   -1.745980707395503   -1.552906532316207
   4.057877813504817   -1.745980707395503   -1.552906532316207
   5.057877813504817   -1.745980707395503   -1.552906532316207
  -4.942122186495183   -0.745980707395503   -1.552906532316207
  -3.942122186495183   -0.745980707395503   -1.552906532316207
  -2.942122186495183   -0.745980707395503   -1.552906532316207
  -1.942122186495183   -0.745980707395503   -1.552906532316207
  -0.942122186495183   -0.745980707395503   -1.552906532316207
   0.057877813504817   -0.745980707395503   -1.552906532316207
   1.057877813504817   -0.745980707395503   -1.552906532316207
   2.057877813504817   -0.745980707395503   -1.552906532316207
   3.057877813504817   -0.745980707395503   -1.552906532316207
   4.057877813504817   -0.745980707395503   -1.552906532316207
   5.057877813504817   -0.745980707395503   -1.552906532316207
  -4.942122186495183    0.254019292604497   -1.552906532316207
  -3.942122186495183    0.254019292604497   -1.552906532316207
  -2.942122186495183    0.254019292604497   -1.552906532316207
  -1.942122186495183    0.254019292604497   -1.552906532316207
  -0.942122186495183    0.254019292604497   -1.552906532316207
   0.057877813504817    0.254019292604497   -1.552906532316207
   1.057877813504817    0.254019292604497   -1.552906532316207
   2.057877813504817    0.254019292604497   -1.552906532316207
   3.057877813504817    0.254019292604497   -1.552906532316207
   4.057877813504817    0.254019292604497   -1.552906532316207
   5.057877813504817    0.254019292604497   -1.552906532316207
  -4.942122186495183    1.254019292604497   -1.552906532316207
  -3.942122186495183    1.254019292604497   -1.552906532316207
  -2.942122186495183    1.254019292604497   -1.552906532316207
  -1.942122186495183    1.254019292604497   -1.552906532316207
  -0.942122186495183    1.254019292604497   -1.552906532316207
   0.057877813504817    1.254019292604497   -1.552906532316207
   1.057877813504817    1.254019292604497   -1.552906532316207
   2.057877813504817    1.254019292604497   -1.552906532316207
   3.057877813504817    1.254019292604497   -1.552906532316207
   4.057877813504817    1.254019292604497   -1.552906532316207
   5.057877813504817    1.254019292604497   -1.552906532316207
  -4.942122186495183    2.254019292604497   -1.552906532316207
  -3.942122186495183    2.254019292604497   -1.552906532316207
  -2.942122186495183    2.254019292604497   -1.552906532316207
  -1.942122186495183    2.254019292604497   -1.552906532316207
  -0.942122186495183    2.254019292604497   -1.552906532316207
   0.057877813504817    2.254019292604497   -1.552906532316207
   1.057877813504817    2.254019292604497   -1.552906532316207
   2.057877813504817    2.254019292604497   -1.552906532316207
   3.057877813504817    2.254019292604497   -1.552906532316207
   4.057877813504817    2.254019292604497   -1.552906532316207
   5.057877813504817    2.254019292604497   -1.552906532316207
  -4.942122186495183    3.254019292604497   -1.552906532316207
  -3.942122186495183    3.254019292604497   -1.552906532316207
  -2.942122186495183    3.254019292604497   -1.552906532316207
  -1.942122186495183    3.254019292604497   -1.552906532316207
  -0.942122186495183    3.254019292604497   -1.552906532316207
   0.057877813504817    3.254019292604497   -1.552906532316207
   1.057877813504817    3.254019292604497   -1.552906532316207
   2.057877813504817    3.254019292604497   -1.552906532316207
   3.057877813504817    3.254019292604497   -1.552906532316207
   4.057877813504817    3.254019292604497   -1.552906532316207
   5.057877813504817    3.254019292604497   -1.552906532316207
  -3.942122186495183    4.254019292604497   -1.552906532316207
  -2.942122186495183    4.254019292604497   -1.552906532316207
  -1.942122186495183    4.254019292604497   -1.552906532316207
  -0.942122186495183    4.254019292604497   -1.552906532316207
   0.057877813504817    4.254019292604497   -1.552906532316207
   1.057877813504817    4.254019292604497   -1.552906532316207
   2.057877813504817    4.254019292604497   -1.552906532316207
   3.057877813504817    4.254019292604497   -1.552906532316207
   4.057877813504817    4.254019292604497   -1.552906532316207
  -3.442122186495183   -5.245980707395503   -0.845799751129654
  -2.442122186495183   -5.245980707395503   -0.845799751129654
  -1.442122186495183   -5.245980707395503   -0.845799751129654
  -0.442122186495183   -5.245980707395503   -0.845799751129654
   0.557877813504817   -5.245980707395503   -0.845799751129654
   1.557877813504817   -5.245980707395503   -0.845799751129654
   2.557877813504817   -5.245980707395503   -0.845799751129654
  -4.442122186495183   -4.245980707395503   -0.845799751129654
  -3.442122186495183   -4.245980707395503   -0.845799751129654
  -2.442122186495183   -4.245980707395503   -0.845799751129654
  -1.442122186495183   -4.245980707395503   -0.845799751129654
  -0.442122186495183   -4.245980707395503   -0.845799751129654
   0.557877813504817   -4.245980707395503   -0.845799751129654
   1.557877813504817   -4.245980707395503   -0.845799751129654
   2.557877813504817   -4.245980707395503   -0.845799751129654
   3.557877813504817   -4.245980707395503   -0.845799751129654
  -5.442122186495183   -3.245980707395503   -0.845799751129654
  -4.442122186495183   -3.245980707395503   -0.845799751129654
  -3.442122186495183   -3.245980707395503   -0.845799751129654
  -2.442122186495183   -3.245980707395503   -0.845799751129654
  -1.442122186495183   -3.245980707395503   -0.845799751129654
  -0.442122186495183   -3.245980707395503   -0.845799751129654
   0.557877813504817   -3.245980707395503   -0.845799751129654
   1.557877813504817   -3.245980707395503   -0.845799751129654
   2.557877813504817   -3.245980707395503   -0.845799751129654
   3.557877813504817   -3.245980707395503   -0.845799751129654
   4.557877813504817   -3.245980707395503   -0.845799751129654
  -5.442122186495183   -2.245980707395503   -0.845799751129654
  -4.442122186495183   -2.245980707395503   -0.845799751129654
  -3.442122186495183   -2.245980707395503   -0.845799751129654
  -2.442122186495183   -2.245980707395503   -0.845799751129654
  -1.442122186495183   -2.245980707395503   -0.845799751129654
  -0.442122186495183   -2.245980707395503   -0.845799751129654
   0.557877813504817   -2.245980707395503   -0.845799751129654
   1.557877813504817   -2.245980707395503   -0.845799751129654
   2.557877813504817   -2.245980707395503   -0.845799751129654
   3.557877813504817   -2.245980707395503   -0.845799751129654
   4.557877813504817   -2.245980707395503   -0.845799751129654
   5.557877813504817   -2.245980707395503   -0.845799751129654
  -5.442122186495183   -1.245980707395503   -0.845799751129654
  -4.442122186495183   -1.245980707395503   -0.845799751129654
  -3.442122186495183   -1.245980707395503   -0.845799751129654
  -2.442122186495183   -1.245980707395503   -0.845799751129654
  -1.442122186495183   -1.245980707395503   -0.845799751129654
  -0.442122186495183   -1.245980707395503   -0.845799751129654
   0.557877813504817   -1.245980707395503   -0.845799751129654
   1.557877813504817   -1.245980707395503   -0.845799751129654
   2.557877813504817   -1.245980707395503   -0.845799751129654
   3.557877813504817   -1.245980707395503   -0.845799751129654
   4.557877813504817   -1.245980707395503   -0.845799751129654
   5.557877813504817   -1.245980707395503   -0.845799751129654
  -5.442122186495183   -0.245980707395503   -0.845799751129654
  -4.442122186495183   -0.245980707395503   -0.845799751129654
  -3.442122186495183   -0.245980707395503   -0.845799751129654
  -2.442122186495183   -0.245980707395503   -0.845799751129654
  -1.442122186495183   -0.245980707395503   -0.845799751129654
  -0.442122186495183   -0.245980707395503   -0.845799751129654
   0.557877813504817   -0.245980707395503   -0.845799751129654
   1.557877813504817   -0.245980707395503   -0.845799751129654
   2.557877813504817   -0.245980707395503   -0.845799751129654
   3.557877813504817   -0.245980707395503   -0.845799751129654
   4.557877813504817   -0.245980707395503   -0.845799751129654
   5.557877813504817   -0.245980707395503   -0.845799751129654
  -5.442122186495183    0.754019292604497   -0.845799751129654
  -4.442122186495183    0.754019292604497   -0.845799751129654
  -3.442122186495183    0.754019292604497   -0.845799751129654
  -2.442122186495183    0.754019292604497   -0.845799751129654
  -1.442122186495183    0.754019292604497   -0.845799751129654
  -0.442122186495183    0.754019292604497   -0.845799751129654
   0.557877813504817    0.754019292604497   -0.845799751129654
   1.557877813504817    0.754019292604497   -0.845799751129654
   2.557877813504817    0.754019292604497   -0.845799751129654
   3.557877813504817    0.754019292604497   -0.845799751129654
   4.557877813504817    0.754019292604497   -0.845799751129654
   5.557877813504817    0.754019292604497   -0.845799751129654
  -5.442122186495183    1.754019292604497   -0.845799751129654
  -4.442122186495183    1.754019292604497   -0.845799751129654
  -3.442122186495183    1.754019292604497   -0.845799751129654
  -2.442122186495183    1.754019292604497   -0.845799751129654
  -1.442122186495183    1.754019292604497   -0.845799751129654
  -0.442122186495183    1.754019292604497   -0.845799751129654
   0.557877813504817    1.754019292604497   -0.845799751129654
   1.557877813504817    1.754019292604497   -0.845799751129654
   2.557877813504817    1.754019292604497   -0.845799751129654
   3.557877813504817    1.754019292604497   -0.845799751129654
   4.557877813504817    1.754019292604497   -0.845799751129654
   5.557877813504817    1.754019292604497   -0.845799751129654
  -5.442122186495183    2.754019292604497   -0.845799751129654
  -4.442122186495183    2.754019292604497   -0.845799751129654
  -3.442122186495183    2.754019292604497   -0.845799751129654
  -2.442122186495183    2.754019292604497   -0.845799751129654
  -1.442122186495183    2.754019292604497   -0.845799751129654
  -0.442122186495183    2.754019292604497   -0.845799751129654
   0.557877813504817    2.754019292604497   -0.845799751129654
   1.557877813504817    2.754019292604497   -0.845799751129654
   2.557877813504817    2.754019292604497   -0.845799751129654
   3.557877813504817    2.754019292604497   -0.845799751129654
   4.557877813504817    2.754019292604497   -0.845799751129654
   5.557877813504817    2.754019292604497   -0.845799751129654
  -4.442122186495183    3.754019292604497   -0.845799751129654
  -3.442122186495183    3.754019292604497   -0.845799751129654
  -2.442122186495183    3.754019292604497   -0.845799751129654
  -1.442122186495183    3.754019292604497   -0.845799751129654
  -0.442122186495183    3.754019292604497   -0.845799751129654
   0.557877813504817    3.754019292604497   -0.845799751129654
   1.557877813504817    3.754019292604497   -0.845799751129654
   2.557877813504817    3.754019292604497   -0.845799751129654
   3.557877813504817    3.754019292604497   -0.845799751129654
   4.557877813504817    3.754019292604497   -0.845799751129654
  -3.442122186495183    4.754019292604497   -0.845799751129654
  -2.442122186495183    4.754019292604497   -0.845799751129654
  -1.442122186495183    4.754019292604497   -0.845799751129654
  -0.442122186495183    4.754019292604497   -0.845799751129654
   0.557877813504817    4.754019292604497   -0.845799751129654
   1.557877813504817    4.754019292604497   -0.845799751129654
   2.557877813504817    4.754019292604497   -0.845799751129654
   3.557877813504817    4.754019292604497   -0.845799751129654
  -2.942122186495183   -5.745980707395503   -0.138692969943108
  -1.942122186495183   -5.745980707395503   -0.138692969943108
  -0.942122186495183   -5.745980707395503   -0.138692969943108
   0.057877813504817   -5.745980707395503   -0.138692969943108
   1.057877813504817   -5.745980707395503   -0.138692969943108
   2.057877813504817   -5.745980707395503   -0.138692969943108
  -3.942122186495183   -4.745980707395503   -0.138692969943108
  -2.942122186495183   -4.745980707395503   -0.138692969943108
  -1.942122186495183   -4.745980707395503   -0.138692969943108
  -0.942122186495183   -4.745980707395503   -0.138692969943108
   0.057877813504817   -4.745980707395503   -0.138692969943108
   1.057877813504817   -4.745980707395503   -0.138692969943108
   2.057877813504817   -4.745980707395503   -0.138692969943108
   3.057877813504817   -4.745980707395503   -0.138692969943108
  -4.942122186495183   -3.745980707395503   -0.138692969943108
  -3.942122186495183   -3.745980707395503   -0.138692969943108
  -2.942122186495183   -3.745980707395503   -0.138692969943108
  -1.942122186495183   -3.745980707395503   -0.138692969943108
  -0.942122186495183   -3.745980707395503   -0.138692969943108
   0.057877813504817   -3.745980707395503   -0.138692969943108
   1.057877813504817   -3.745980707395503   -0.138692969943108
   2.057877813504817   -3.745980707395503   -0.138692969943108
   3.057877813504817   -3.745980707395503   -0.138692969943108
   4.057877813504817   -3.745980707395503   -0.138692969943108
  -5.942122186495183   -2.745980707395503   -0.138692969943108
  -4.942122186495183   -2.745980707395503   -0.138692969943108
  -3.942122186495183   -2.745980707395503   -0.138692969943108
  -2.942122186495183   -2.745980707395503   -0.138692969943108
  -1.942122186495183   -2.745980707395503   -0.138692969943108
  -0.942122186495183   -2.745980707395503   -0.138692969943108
   0.057877813504817   -2.745980707395503   -0.138692969943108
   1.057877813504817   -2.745980707395503   -0.138692969943108
   2.057877813504817   -2.745980707395503   -0.138692969943108
   3.057877813504817   -2.745980707395503   -0.138692969943108
   4.057877813504817   -2.745980707395503   -0.138692969943108
   5.057877813504817   -2.745980707395503   -0.138692969943108
  -5.942122186495183   -1.745980707395503   -0.138692969943108
  -4.942122186495183   -1.745980707395503   -0.138692969943108
  -3.942122186495183   -1.745980707395503   -0.138692969943108
  -2.942122186495183   -1.745980707395503   -0.138692969943108
  -1.942122186495183   -1.745980707395503   -0.138692969943108
  -0.942122186495183   -1.745980707395503   -0.138692969943108
   0.057877813504817   -1.745980707395503   -0.138692969943108
   1.057877813504817   -1.745980707395503   -0.138692969943108
   2.057877813504817   -1.745980707395503   -0.138692969943108
   3.057877813504817   -1.745980707395503   -0.138692969943108
   4.057877813504817   -1.745980707395503   -0.138692969943108
   5.057877813504817   -1.745980707395503   -0.138692969943108
   6.057877813504817   -1.745980707395503   -0.138692969943108
  -5.942122186495183   -0.745980707395503   -0.138692969943108
  -4.942122186495183   -0.745980707395503   -0.138692969943108
  -3.942122186495183   -0.745980707395503   -0.138692969943108
  -2.942122186495183   -0.745980707395503   -0.138692969943108
  -1.942122186495183   -0.745980707395503   -0.138692969943108
  -0.942122186495183   -0.745980707395503   -0.138692969943108
   0.057877813504817   -0.745980707395503   -0.138692969943108
   1.057877813504817   -0.745980707395503   -0.138692969943108
   2.057877813504817   -0.745980707395503   -0.138692969943108
   3.057877813504817   -0.745980707395503   -0.138692969943108
   4.057877813504817   -0.745980707395503   -0.138692969943108
   5.057877813504817   -0.745980707395503   -0.138692969943108
   6.057877813504817   -0.745980707395503   -0.138692969943108
  -5.942122186495183    0.254019292604497   -0.138692969943108
  -4.942122186495183    0.254019292604497   -0.138692969943108
  -3.942122186495183    0.254019292604497   -0.138692969943108
  -2.942122186495183    0.254019292604497   -0.138692969943108
  -1.942122186495183    0.254019292604497   -0.138692969943108
  -0.942122186495183    0.254019292604497   -0.138692969943108
   0.057877813504817    0.254019292604497   -0.138692969943108
   1.057877813504817    0.254019292604497   -0.138692969943108
   2.057877813504817    0.254019292604497   -0.138692969943108
   3.057877813504817    0.254019292604497   -0.138692969943108
   4.057877813504817    0.254019292604497   -0.138692969943108
   5.057877813504817    0.254019292604497   -0.138692969943108
   6.057877813504817    0.254019292604497   -0.138692969943108
  -5.942122186495183    1.254019292604497   -0.138692969943108
  -4.942122186495183    1.254019292604497   -0.138692969943108
  -3.942122186495183    1.254019292604497   -0.138692969943108
  -2.942122186495183    1.254019292604497   -0.138692969943108
  -1.942122186495183    1.254019292604497   -0.138692969943108
  -0.942122186495183    1.254019292604497   -0.138692969943108
   0.057877813504817    1.254019292604497   -0.138692969943108
   1.057877813504817    1.254019292604497   -0.138692969943108
   2.057877813504817    1.254019292604497   -0.138692969943108
   3.057877813504817    1.254019292604497   -0.138692969943108
   4.057877813504817    1.254019292604497   -0.138692969943108
   5.057877813504817    1.254019292604497   -0.138692969943108
   6.057877813504817    1.254019292604497   -0.138692969943108
  -5.942122186495183    2.254019292604497   -0.138692969943108
  -4.942122186495183    2.254019292604497   -0.138692969943108
  -3.942122186495183    2.254019292604497   -0.138692969943108
  -2.942122186495183    2.254019292604497   -0.138692969943108
  -1.942122186495183    2.254019292604497   -0.138692969943108
  -0.942122186495183    2.254019292604497   -0.138692969943108
   0.057877813504817    2.254019292604497   -0.138692969943108
   1.057877813504817    2.254019292604497   -0.138692969943108
   2.057877813504817    2.254019292604497   -0.138692969943108
   3.057877813504817    2.254019292604497   -0.138692969943108
   4.057877813504817    2.254019292604497   -0.138692969943108
   5.057877813504817    2.254019292604497   -0.138692969943108
   6.057877813504817    2.254019292604497   -0.138692969943108
  -4.942122186495183    3.254019292604497   -0.138692969943108
  -3.942122186495183    3.254019292604497   -0.138692969943108
  -2.942122186495183    3.254019292604497   -0.138692969943108
  -1.942122186495183    3.254019292604497   -0.138692969943108
  -0.942122186495183    3.254019292604497   -0.138692969943108
   0.057877813504817    3.254019292604497   -0.138692969943108
   1.057877813504817    3.254019292604497   -0.138692969943108
   2.057877813504817    3.254019292604497   -0.138692969943108
   3.057877813504817    3.254019292604497   -0.138692969943108
   4.057877813504817    3.254019292604497   -0.138692969943108
   5.057877813504817    3.254019292604497   -0.138692969943108
  -3.942122186495183    4.254019292604497   -0.138692969943108
  -2.942122186495183    4.254019292604497   -0.138692969943108
  -1.942122186495183    4.254019292604497   -0.138692969943108
  -0.942122186495183    4.254019292604497   -0.138692969943108
   0.057877813504817    4.254019292604497   -0.138692969943108
   1.057877813504817    4.254019292604497   -0.138692969943108
   2.057877813504817    4.254019292604497   -0.138692969943108
   3.057877813504817    4.254019292604497   -0.138692969943108
   4.057877813504817    4.254019292604497   -0.138692969943108
  -2.942122186495183    5.254019292604497   -0.138692969943108
  -1.942122186495183    5.254019292604497   -0.138692969943108
  -0.942122186495183    5.254019292604497   -0.138692969943108
   0.057877813504817    5.254019292604497   -0.138692969943108
   1.057877813504817    5.254019292604497   -0.138692969943108
   2.057877813504817    5.254019292604497   -0.138692969943108
   3.057877813504817    5.254019292604497   -0.138692969943108
  -3.442122186495183   -5.245980707395503    0.568413811243438
  -2.442122186495183   -5.245980707395503    0.568413811243438
  -1.442122186495183   -5.245980707395503    0.568413811243438
  -0.442122186495183   -5.245980707395503    0.568413811243438
   0.557877813504817   -5.245980707395503    0.568413811243438
   1.557877813504817   -5.245980707395503    0.568413811243438
   2.557877813504817   -5.245980707395503    0.568413811243438
  -4.442122186495183   -4.245980707395503    0.568413811243438
  -3.442122186495183   -4.245980707395503    0.568413811243438
  -2.442122186495183   -4.245980707395503    0.568413811243438
  -1.442122186495183   -4.245980707395503    0.568413811243438
  -0.442122186495183   -4.245980707395503    0.568413811243438
   0.557877813504817   -4.245980707395503    0.568413811243438
   1.557877813504817   -4.245980707395503    0.568413811243438
   2.557877813504817   -4.245980707395503    0.568413811243438
   3.557877813504817   -4.245980707395503    0.568413811243438
  -5.442122186495183   -3.245980707395503    0.568413811243438
  -4.442122186495183   -3.245980707395503    0.568413811243438
  -3.442122186495183   -3.245980707395503    0.568413811243438
  -2.442122186495183   -3.245980707395503    0.568413811243438
  -1.442122186495183   -3.245980707395503    0.568413811243438
  -0.442122186495183   -3.245980707395503    0.568413811243438
   0.557877813504817   -3.245980707395503    0.568413811243438
   1.557877813504817   -3.245980707395503    0.568413811243438
   2.557877813504817   -3.245980707395503    0.568413811243438
   3.557877813504817   -3.245980707395503    0.568413811243438
   4.557877813504817   -3.245980707395503    0.568413811243438
  -5.442122186495183   -2.245980707395503    0.568413811243438
  -4.442122186495183   -2.245980707395503    0.568413811243438
  -3.442122186495183   -2.245980707395503    0.568413811243438
  -2.442122186495183   -2.245980707395503    0.568413811243438
  -1.442122186495183   -2.245980707395503    0.568413811243438
  -0.442122186495183   -2.245980707395503    0.568413811243438
   0.557877813504817   -2.245980707395503    0.568413811243438
   1.557877813504817   -2.245980707395503    0.568413811243438
   2.557877813504817   -2.245980707395503    0.568413811243438
   3.557877813504817   -2.245980707395503    0.568413811243438
   4.557877813504817   -2.245980707395503    0.568413811243438
   5.557877813504817   -2.245980707395503    0.568413811243438
  -5.442122186495183   -1.245980707395503    0.568413811243438
  -4.442122186495183   -1.245980707395503    0.568413811243438
  -3.442122186495183   -1.245980707395503    0.568413811243438
  -2.442122186495183   -1.245980707395503    0.568413811243438
  -1.442122186495183   -1.245980707395503    0.568413811243438
  -0.442122186495183   -1.245980707395503    0.568413811243438
   0.557877813504817   -1.245980707395503    0.568413811243438
   1.557877813504817   -1.245980707395503    0.568413811243438
   2.557877813504817   -1.245980707395503    0.568413811243438
   3.557877813504817   -1.245980707395503    0.568413811243438
   4.557877813504817   -1.245980707395503    0.568413811243438
   5.557877813504817   -1.245980707395503    0.568413811243438
  -5.442122186495183   -0.245980707395503    0.568413811243438
  -4.442122186495183   -0.245980707395503    0.568413811243438
  -3.442122186495183   -0.245980707395503    0.568413811243438
  -2.442122186495183   -0.245980707395503    0.568413811243438
  -1.442122186495183   -0.245980707395503    0.568413811243438
  -0.442122186495183   -0.245980707395503    0.568413811243438
   0.557877813504817   -0.245980707395503    0.568413811243438
   1.557877813504817   -0.245980707395503    0.568413811243438
   2.557877813504817   -0.245980707395503    0.568413811243438
   3.557877813504817   -0.245980707395503    0.568413811243438
   4.557877813504817   -0.245980707395503    0.568413811243438
   5.557877813504817   -0.245980707395503    0.568413811243438
  -5.442122186495183    0.754019292604497    0.568413811243438
  -4.442122186495183    0.754019292604497    0.568413811243438
  -3.442122186495183    0.754019292604497    0.568413811243438
  -2.442122186495183    0.754019292604497    0.568413811243438
  -1.442122186495183    0.754019292604497    0.568413811243438
  -0.442122186495183    0.754019292604497    0.568413811243438
   0.557877813504817    0.754019292604497    0.568413811243438
   1.557877813504817    0.754019292604497    0.568413811243438
   2.557877813504817    0.754019292604497    0.568413811243438
   3.557877813504817    0.754019292604497    0.568413811243438
   4.557877813504817    0.754019292604497    0.568413811243438
   5.557877813504817    0.754019292604497    0.568413811243438
  -5.442122186495183    1.754019292604497    0.568413811243438
  -4.442122186495183    1.754019292604497    0.568413811243438
  -3.442122186495183    1.754019292604497    0.568413811243438
  -2.442122186495183    1.754019292604497    0.568413811243438
  -1.442122186495183    1.754019292604497    0.568413811243438
  -0.442122186495183    1.754019292604497    0.568413811243438
   0.557877813504817    1.754019292604497    0.568413811243438
   1.557877813504817    1.754019292604497    0.568413811243438
   2.557877813504817    1.754019292604497    0.568413811243438
   3.557877813504817    1.754019292604497    0.568413811243438
   4.557877813504817    1.754019292604497    0.568413811243438
   5.557877813504817    1.754019292604497    0.568413811243438
  -5.442122186495183    2.754019292604497    0.568413811243438
  -4.442122186495183    2.754019292604497    0.568413811243438
  -3.442122186495183    2.754019292604497    0.568413811243438
  -2.442122186495183    2.754019292604497    0.568413811243438
  -1.442122186495183    2.754019292604497    0.568413811243438
  -0.442122186495183    2.754019292604497    0.568413811243438
   0.557877813504817    2.754019292604497    0.568413811243438
   1.557877813504817    2.754019292604497    0.568413811243438
   2.557877813504817    2.754019292604497    0.568413811243438
   3.557877813504817    2.754019292604497    0.568413811243438
   4.557877813504817    2.754019292604497    0.568413811243438
   5.557877813504817    2.754019292604497    0.568413811243438
  -4.442122186495183    3.754019292604497    0.568413811243438
  -3.442122186495183    3.754019292604497    0.568413811243438
  -2.442122186495183    3.754019292604497    0.568413811243438
  -1.442122186495183    3.754019292604497    0.568413811243438
  -0.442122186495183    3.754019292604497    0.568413811243438
   0.557877813504817    3.754019292604497    0.568413811243438
   1.557877813504817    3.754019292604497    0.568413811243438
   2.557877813504817    3.754019292604497    0.568413811243438
   3.557877813504817    3.754019292604497    0.568413811243438
   4.557877813504817    3.754019292604497    0.568413811243438
  -3.442122186495183    4.754019292604497    0.568413811243438
  -2.442122186495183    4.754019292604497    0.568413811243438
  -1.442122186495183    4.754019292604497    0.568413811243438
  -0.442122186495183    4.754019292604497    0.568413811243438
   0.557877813504817    4.754019292604497    0.568413811243438
   1.557877813504817    4.754019292604497    0.568413811243438
   2.557877813504817    4.754019292604497    0.568413811243438
   3.557877813504817    4.754019292604497    0.568413811243438
  -2.442122186495183    5.754019292604497    0.568413811243438
  -1.442122186495183    5.754019292604497    0.568413811243438
  -0.442122186495183    5.754019292604497    0.568413811243438
   0.557877813504817    5.754019292604497    0.568413811243438
   1.557877813504817    5.754019292604497    0.568413811243438
   2.557877813504817    5.754019292604497    0.568413811243438
  -3.942122186495183   -4.745980707395503    1.275520592429984
  -2.942122186495183   -4.745980707395503    1.275520592429984
  -1.942122186495183   -4.745980707395503    1.275520592429984
  -0.942122186495183   -4.745980707395503    1.275520592429984
   0.057877813504817   -4.745980707395503    1.275520592429984
   1.057877813504817   -4.745980707395503    1.275520592429984
   2.057877813504817   -4.745980707395503    1.275520592429984
   3.057877813504817   -4.745980707395503    1.275520592429984
  -4.942122186495183   -3.745980707395503    1.275520592429984
  -3.942122186495183   -3.745980707395503    1.275520592429984
  -2.942122186495183   -3.745980707395503    1.275520592429984
  -1.942122186495183   -3.745980707395503    1.275520592429984
  -0.942122186495183   -3.745980707395503    1.275520592429984
   0.057877813504817   -3.745980707395503    1.275520592429984
   1.057877813504817   -3.745980707395503    1.275520592429984
   2.057877813504817   -3.745980707395503    1.275520592429984
   3.057877813504817   -3.745980707395503    1.275520592429984
   4.057877813504817   -3.745980707395503    1.275520592429984
  -4.942122186495183   -2.745980707395503    1.275520592429984
  -3.942122186495183   -2.745980707395503    1.275520592429984
  -2.942122186495183   -2.745980707395503    1.275520592429984
  -1.942122186495183   -2.745980707395503    1.275520592429984
  -0.942122186495183   -2.745980707395503    1.275520592429984
   0.057877813504817   -2.745980707395503    1.275520592429984
   1.057877813504817   -2.745980707395503    1.275520592429984
   2.057877813504817   -2.745980707395503    1.275520592429984
   3.057877813504817   -2.745980707395503    1.275520592429984
   4.057877813504817   -2.745980707395503    1.275520592429984
   5.057877813504817   -2.745980707395503    1.275520592429984
  -4.942122186495183   -1.745980707395503    1.275520592429984
  -3.942122186495183   -1.745980707395503    1.275520592429984
  -2.942122186495183   -1.745980707395503    1.275520592429984
  -1.942122186495183   -1.745980707395503    1.275520592429984
  -0.942122186495183   -1.745980707395503    1.275520592429984
   0.057877813504817   -1.745980707395503    1.275520592429984
   1.057877813504817   -1.745980707395503    1.275520592429984
   2.057877813504817   -1.745980707395503    1.275520592429984
   3.057877813504817   -1.745980707395503    1.275520592429984
   4.057877813504817   -1.745980707395503    1.275520592429984
   5.057877813504817   -1.745980707395503    1.275520592429984
  -4.942122186495183   -0.745980707395503    1.275520592429984
  -3.942122186495183   -0.745980707395503    1.275520592429984
  -2.942122186495183   -0.745980707395503    1.275520592429984
  -1.942122186495183   -0.745980707395503    1.275520592429984
  -0.942122186495183   -0.745980707395503    1.275520592429984
   0.057877813504817   -0.745980707395503    1.275520592429984
   1.057877813504817   -0.745980707395503    1.275520592429984
   2.057877813504817   -0.745980707395503    1.275520592429984
   3.057877813504817   -0.745980707395503    1.275520592429984
   4.057877813504817   -0.745980707395503    1.275520592429984
   5.057877813504817   -0.745980707395503    1.275520592429984
  -4.942122186495183    0.254019292604497    1.275520592429984
  -3.942122186495183    0.254019292604497    1.275520592429984
  -2.942122186495183    0.254019292604497    1.275520592429984
  -1.942122186495183    0.254019292604497    1.275520592429984
  -0.942122186495183    0.254019292604497    1.275520592429984
   0.057877813504817    0.254019292604497    1.275520592429984
   1.057877813504817    0.254019292604497    1.275520592429984
   2.057877813504817    0.254019292604497    1.275520592429984
   3.057877813504817    0.254019292604497    1.275520592429984
   4.057877813504817    0.254019292604497    1.275520592429984
   5.057877813504817    0.254019292604497    1.275520592429984
  -4.942122186495183    1.254019292604497    1.275520592429984
  -3.942122186495183    1.254019292604497    1.275520592429984
  -2.942122186495183    1.254019292604497    1.275520592429984
  -1.942122186495183    1.254019292604497    1.275520592429984
  -0.942122186495183    1.254019292604497    1.275520592429984
   0.057877813504817    1.254019292604497    1.275520592429984
   1.057877813504817    1.254019292604497    1.275520592429984
   2.057877813504817    1.254019292604497    1.275520592429984
   3.057877813504817    1.254019292604497    1.275520592429984
   4.057877813504817    1.254019292604497    1.275520592429984
   5.057877813504817    1.254019292604497    1.275520592429984
  -4.942122186495183    2.254019292604497    1.275520592429984
  -3.942122186495183    2.254019292604497    1.275520592429984
  -2.942122186495183    2.254019292604497    1.275520592429984
  -1.942122186495183    2.254019292604497    1.275520592429984
  -0.942122186495183    2.254019292604497    1.275520592429984
   0.057877813504817    2.254019292604497    1.275520592429984
   1.057877813504817    2.254019292604497    1.275520592429984
   2.057877813504817    2.254019292604497    1.275520592429984
   3.057877813504817    2.254019292604497    1.275520592429984
   4.057877813504817    2.254019292604497    1.275520592429984
   5.057877813504817    2.254019292604497    1.275520592429984
  -4.942122186495183    3.254019292604497    1.275520592429984
  -3.942122186495183    3.254019292604497    1.275520592429984
  -2.942122186495183    3.254019292604497    1.275520592429984
  -1.942122186495183    3.254019292604497    1.275520592429984
  -0.942122186495183    3.254019292604497    1.275520592429984
   0.057877813504817    3.254019292604497    1.275520592429984
   1.057877813504817    3.254019292604497    1.275520592429984
   2.057877813504817    3.254019292604497    1.275520592429984
   3.057877813504817    3.254019292604497    1.275520592429984
   4.057877813504817    3.254019292604497    1.275520592429984
   5.057877813504817    3.254019292604497    1.275520592429984
  -3.942122186495183    4.254019292604497    1.275520592429984
  -2.942122186495183    4.254019292604497    1.275520592429984
  -1.942122186495183    4.254019292604497    1.275520592429984
  -0.942122186495183    4.254019292604497    1.275520592429984
   0.057877813504817    4.254019292604497    1.275520592429984
   1.057877813504817    4.254019292604497    1.275520592429984
   2.057877813504817    4.254019292604497    1.275520592429984
   3.057877813504817    4.254019292604497    1.275520592429984
   4.057877813504817    4.254019292604497    1.275520592429984
  -2.942122186495183    5.254019292604497    1.275520592429984
  -1.942122186495183    5.254019292604497    1.275520592429984
  -0.942122186495183    5.254019292604497    1.275520592429984
   0.057877813504817    5.254019292604497    1.275520592429984
   1.057877813504817    5.254019292604497    1.275520592429984
   2.057877813504817    5.254019292604497    1.275520592429984
   3.057877813504817    5.254019292604497    1.275520592429984
  -4.442122186495183   -4.245980707395503    1.982627373616531
  -3.442122186495183   -4.245980707395503    1.982627373616531
  -2.442122186495183   -4.245980707395503    1.982627373616531
  -1.442122186495183   -4.245980707395503    1.982627373616531
  -0.442122186495183   -4.245980707395503    1.982627373616531
   0.557877813504817   -4.245980707395503    1.982627373616531
   1.557877813504817   -4.245980707395503    1.982627373616531
   2.557877813504817   -4.245980707395503    1.982627373616531
   3.557877813504817   -4.245980707395503    1.982627373616531
  -4.442122186495183   -3.245980707395503    1.982627373616531
  -3.442122186495183   -3.245980707395503    1.982627373616531
  -2.442122186495183   -3.245980707395503    1.982627373616531
  -1.442122186495183   -3.245980707395503    1.982627373616531
  -0.442122186495183   -3.245980707395503    1.982627373616531
   0.557877813504817   -3.245980707395503    1.982627373616531
   1.557877813504817   -3.245980707395503    1.982627373616531
   2.557877813504817   -3.245980707395503    1.982627373616531
   3.557877813504817   -3.245980707395503    1.982627373616531
   4.557877813504817   -3.245980707395503    1.982627373616531
  -4.442122186495183   -2.245980707395503    1.982627373616531
  -3.442122186495183   -2.245980707395503    1.982627373616531
  -2.442122186495183   -2.245980707395503    1.982627373616531
  -1.442122186495183   -2.245980707395503    1.982627373616531
  -0.442122186495183   -2.245980707395503    1.982627373616531
   0.557877813504817   -2.245980707395503    1.982627373616531
   1.557877813504817   -2.245980707395503    1.982627373616531
   2.557877813504817   -2.245980707395503    1.982627373616531
   3.557877813504817   -2.245980707395503    1.982627373616531
   4.557877813504817   -2.245980707395503    1.982627373616531
  -4.442122186495183   -1.245980707395503    1.982627373616531
  -3.442122186495183   -1.245980707395503    1.982627373616531
  -2.442122186495183   -1.245980707395503    1.982627373616531
  -1.442122186495183   -1.245980707395503    1.982627373616531
  -0.442122186495183   -1.245980707395503    1.982627373616531
   0.557877813504817   -1.245980707395503    1.982627373616531
   1.557877813504817   -1.245980707395503    1.982627373616531
   2.557877813504817   -1.245980707395503    1.982627373616531
   3.557877813504817   -1.245980707395503    1.982627373616531
   4.557877813504817   -1.245980707395503    1.982627373616531
  -4.442122186495183   -0.245980707395503    1.982627373616531
  -3.442122186495183   -0.245980707395503    1.982627373616531
  -2.442122186495183   -0.245980707395503    1.982627373616531
  -1.442122186495183   -0.245980707395503    1.982627373616531
  -0.442122186495183   -0.245980707395503    1.982627373616531
   0.557877813504817   -0.245980707395503    1.982627373616531
   1.557877813504817   -0.245980707395503    1.982627373616531
   2.557877813504817   -0.245980707395503    1.982627373616531
   3.557877813504817   -0.245980707395503    1.982627373616531
   4.557877813504817   -0.245980707395503    1.982627373616531
  -4.442122186495183    0.754019292604497    1.982627373616531
  -3.442122186495183    0.754019292604497    1.982627373616531
  -2.442122186495183    0.754019292604497    1.982627373616531
  -1.442122186495183    0.754019292604497    1.982627373616531
  -0.442122186495183    0.754019292604497    1.982627373616531
   0.557877813504817    0.754019292604497    1.982627373616531
   1.557877813504817    0.754019292604497    1.982627373616531
   2.557877813504817    0.754019292604497    1.982627373616531
   3.557877813504817    0.754019292604497    1.982627373616531
   4.557877813504817    0.754019292604497    1.982627373616531
  -4.442122186495183    1.754019292604497    1.982627373616531
  -3.442122186495183    1.754019292604497    1.982627373616531
  -2.442122186495183    1.754019292604497    1.982627373616531
  -1.442122186495183    1.754019292604497    1.982627373616531
  -0.442122186495183    1.754019292604497    1.982627373616531
   0.557877813504817    1.754019292604497    1.982627373616531
   1.557877813504817    1.754019292604497    1.982627373616531
   2.557877813504817    1.754019292604497    1.982627373616531
   3.557877813504817    1.754019292604497    1.982627373616531
   4.557877813504817    1.754019292604497    1.982627373616531
  -4.442122186495183    2.754019292604497    1.982627373616531
  -3.442122186495183    2.754019292604497    1.982627373616531
  -2.442122186495183    2.754019292604497    1.982627373616531
  -1.442122186495183    2.754019292604497    1.982627373616531
  -0.442122186495183    2.754019292604497    1.982627373616531
   0.557877813504817    2.754019292604497    1.982627373616531
   1.557877813504817    2.754019292604497    1.982627373616531
   2.557877813504817    2.754019292604497    1.982627373616531
   3.557877813504817    2.754019292604497    1.982627373616531
   4.557877813504817    2.754019292604497    1.982627373616531
  -4.442122186495183    3.754019292604497    1.982627373616531
  -3.442122186495183    3.754019292604497    1.982627373616531
  -2.442122186495183    3.754019292604497    1.982627373616531
  -1.442122186495183    3.754019292604497    1.982627373616531
  -0.442122186495183    3.754019292604497    1.982627373616531
   0.557877813504817    3.754019292604497    1.982627373616531
   1.557877813504817    3.754019292604497    1.982627373616531
   2.557877813504817    3.754019292604497    1.982627373616531
   3.557877813504817    3.754019292604497    1.982627373616531
   4.557877813504817    3.754019292604497    1.982627373616531
  -3.442122186495183    4.754019292604497    1.982627373616531
  -2.442122186495183    4.754019292604497    1.982627373616531
  -1.442122186495183    4.754019292604497    1.982627373616531
  -0.442122186495183    4.754019292604497    1.982627373616531
   0.557877813504817    4.754019292604497    1.982627373616531
   1.557877813504817    4.754019292604497    1.982627373616531
   2.557877813504817    4.754019292604497    1.982627373616531
   3.557877813504817    4.754019292604497    1.982627373616531
  -3.942122186495183   -3.745980707395503    2.689734154803084
  -2.942122186495183   -3.745980707395503    2.689734154803084
  -1.942122186495183   -3.745980707395503    2.689734154803084
  -0.942122186495183   -3.745980707395503    2.689734154803084
   0.057877813504817   -3.745980707395503    2.689734154803084
   1.057877813504817   -3.745980707395503    2.689734154803084
   2.057877813504817   -3.745980707395503    2.689734154803084
   3.057877813504817   -3.745980707395503    2.689734154803084
   4.057877813504817   -3.745980707395503    2.689734154803084
  -3.942122186495183   -2.745980707395503    2.689734154803084
  -2.942122186495183   -2.745980707395503    2.689734154803084
  -1.942122186495183   -2.745980707395503    2.689734154803084
  -0.942122186495183   -2.745980707395503    2.689734154803084
   0.057877813504817   -2.745980707395503    2.689734154803084
   1.057877813504817   -2.745980707395503    2.689734154803084
   2.057877813504817   -2.745980707395503    2.689734154803084
   3.057877813504817   -2.745980707395503    2.689734154803084
   4.057877813504817   -2.745980707395503    2.689734154803084
  -3.942122186495183   -1.745980707395503    2.689734154803084
  -2.942122186495183   -1.745980707395503    2.689734154803084
  -1.942122186495183   -1.745980707395503    2.689734154803084
  -0.942122186495183   -1.745980707395503    2.689734154803084
   0.057877813504817   -1.745980707395503    2.689734154803084
   1.057877813504817   -1.745980707395503    2.689734154803084
   2.057877813504817   -1.745980707395503    2.689734154803084
   3.057877813504817   -1.745980707395503    2.689734154803084
   4.057877813504817   -1.745980707395503    2.689734154803084
  -3.942122186495183   -0.745980707395503    2.689734154803084
  -2.942122186495183   -0.745980707395503    2.689734154803084
  -1.942122186495183   -0.745980707395503    2.689734154803084
  -0.942122186495183   -0.745980707395503    2.689734154803084
   0.057877813504817   -0.745980707395503    2.689734154803084
   1.057877813504817   -0.745980707395503    2.689734154803084
   2.057877813504817   -0.745980707395503    2.689734154803084
   3.057877813504817   -0.745980707395503    2.689734154803084
   4.057877813504817   -0.745980707395503    2.689734154803084
  -3.942122186495183    0.254019292604497    2.689734154803084
  -2.942122186495183    0.254019292604497    2.689734154803084
  -1.942122186495183    0.254019292604497    2.689734154803084
  -0.942122186495183    0.254019292604497    2.689734154803084
   0.057877813504817    0.254019292604497    2.689734154803084
   1.057877813504817    0.254019292604497    2.689734154803084
   2.057877813504817    0.254019292604497    2.689734154803084
   3.057877813504817    0.254019292604497    2.689734154803084
   4.057877813504817    0.254019292604497    2.689734154803084
  -3.942122186495183    1.254019292604497    2.689734154803084
  -2.942122186495183    1.254019292604497    2.689734154803084
  -1.942122186495183    1.254019292604497    2.689734154803084
  -0.942122186495183    1.254019292604497    2.689734154803084
   0.057877813504817    1.254019292604497    2.689734154803084
   1.057877813504817    1.254019292604497    2.689734154803084
   2.057877813504817    1.254019292604497    2.689734154803084
   3.057877813504817    1.254019292604497    2.689734154803084
   4.057877813504817    1.254019292604497    2.689734154803084
  -3.942122186495183    2.254019292604497    2.689734154803084
  -2.942122186495183    2.254019292604497    2.689734154803084
  -1.942122186495183    2.254019292604497    2.689734154803084
  -0.942122186495183    2.254019292604497    2.689734154803084
   0.057877813504817    2.254019292604497    2.689734154803084
   1.057877813504817    2.254019292604497    2.689734154803084
   2.057877813504817    2.254019292604497    2.689734154803084
   3.057877813504817    2.254019292604497    2.689734154803084
   4.057877813504817    2.254019292604497    2.689734154803084
  -3.942122186495183    3.254019292604497    2.689734154803084
  -2.942122186495183    3.254019292604497    2.689734154803084
  -1.942122186495183    3.254019292604497    2.689734154803084
  -0.942122186495183    3.254019292604497    2.689734154803084
   0.057877813504817    3.254019292604497    2.689734154803084
   1.057877813504817    3.254019292604497    2.689734154803084
   2.057877813504817    3.254019292604497    2.689734154803084
   3.057877813504817    3.254019292604497    2.689734154803084
   4.057877813504817    3.254019292604497    2.689734154803084
  -3.942122186495183    4.254019292604497    2.689734154803084
  -2.942122186495183    4.254019292604497    2.689734154803084
  -1.942122186495183    4.254019292604497    2.689734154803084
  -0.942122186495183    4.254019292604497    2.689734154803084
   0.057877813504817    4.254019292604497    2.689734154803084
   1.057877813504817    4.254019292604497    2.689734154803084
   2.057877813504817    4.254019292604497    2.689734154803084
   3.057877813504817    4.254019292604497    2.689734154803084
   4.057877813504817    4.254019292604497    2.689734154803084
  -3.442122186495183   -3.245980707395503    3.396840935989630
  -2.442122186495183   -3.245980707395503    3.396840935989630
  -1.442122186495183   -3.245980707395503    3.396840935989630
  -0.442122186495183   -3.245980707395503    3.396840935989630
   0.557877813504817   -3.245980707395503    3.396840935989630
   1.557877813504817   -3.245980707395503    3.396840935989630
   2.557877813504817   -3.245980707395503    3.396840935989630
   3.557877813504817   -3.245980707395503    3.396840935989630
  -3.442122186495183   -2.245980707395503    3.396840935989630
  -2.442122186495183   -2.245980707395503    3.396840935989630
  -1.442122186495183   -2.245980707395503    3.396840935989630
  -0.442122186495183   -2.245980707395503    3.396840935989630
   0.557877813504817   -2.245980707395503    3.396840935989630
   1.557877813504817   -2.245980707395503    3.396840935989630
   2.557877813504817   -2.245980707395503    3.396840935989630
   3.557877813504817   -2.245980707395503    3.396840935989630
  -3.442122186495183   -1.245980707395503    3.396840935989630
  -2.442122186495183   -1.245980707395503    3.396840935989630
  -1.442122186495183   -1.245980707395503    3.396840935989630
  -0.442122186495183   -1.245980707395503    3.396840935989630
   0.557877813504817   -1.245980707395503    3.396840935989630
   1.557877813504817   -1.245980707395503    3.396840935989630
   2.557877813504817   -1.245980707395503    3.396840935989630
   3.557877813504817   -1.245980707395503    3.396840935989630
  -3.442122186495183   -0.245980707395503    3.396840935989630
  -2.442122186495183   -0.245980707395503    3.396840935989630
  -1.442122186495183   -0.245980707395503    3.396840935989630
  -0.442122186495183   -0.245980707395503    3.396840935989630
   0.557877813504817   -0.245980707395503    3.396840935989630
   1.557877813504817   -0.245980707395503    3.396840935989630
   2.557877813504817   -0.245980707395503    3.396840935989630
   3.557877813504817   -0.245980707395503    3.396840935989630
  -3.442122186495183    0.754019292604497    3.396840935989630
  -2.442122186495183    0.754019292604497    3.396840935989630
  -1.442122186495183    0.754019292604497    3.396840935989630
  -0.442122186495183    0.754019292604497    3.396840935989630
   0.557877813504817    0.754019292604497    3.396840935989630
   1.557877813504817    0.754019292604497    3.396840935989630
   2.557877813504817    0.754019292604497    3.396840935989630
   3.557877813504817    0.754019292604497    3.396840935989630
  -3.442122186495183    1.754019292604497    3.396840935989630
  -2.442122186495183    1.754019292604497    3.396840935989630
  -1.442122186495183    1.754019292604497    3.396840935989630
  -0.442122186495183    1.754019292604497    3.396840935989630
   0.557877813504817    1.754019292604497    3.396840935989630
   1.557877813504817    1.754019292604497    3.396840935989630
   2.557877813504817    1.754019292604497    3.396840935989630
   3.557877813504817    1.754019292604497    3.396840935989630
  -3.442122186495183    2.754019292604497    3.396840935989630
  -2.442122186495183    2.754019292604497    3.396840935989630
  -1.442122186495183    2.754019292604497    3.396840935989630
  -0.442122186495183    2.754019292604497    3.396840935989630
   0.557877813504817    2.754019292604497    3.396840935989630
   1.557877813504817    2.754019292604497    3.396840935989630
   2.557877813504817    2.754019292604497    3.396840935989630
   3.557877813504817    2.754019292604497    3.396840935989630
  -3.442122186495183    3.754019292604497    3.396840935989630
  -2.442122186495183    3.754019292604497    3.396840935989630
  -1.442122186495183    3.754019292604497    3.396840935989630
  -0.442122186495183    3.754019292604497    3.396840935989630
   0.557877813504817    3.754019292604497    3.396840935989630
   1.557877813504817    3.754019292604497    3.396840935989630
   2.557877813504817    3.754019292604497    3.396840935989630
   3.557877813504817    3.754019292604497    3.396840935989630
  -2.942122186495183   -2.745980707395503    4.103947717176176
  -1.942122186495183   -2.745980707395503    4.103947717176176
  -0.942122186495183   -2.745980707395503    4.103947717176176
   0.057877813504817   -2.745980707395503    4.103947717176176
   1.057877813504817   -2.745980707395503    4.103947717176176
   2.057877813504817   -2.745980707395503    4.103947717176176
   3.057877813504817   -2.745980707395503    4.103947717176176
  -2.942122186495183   -1.745980707395503    4.103947717176176
  -1.942122186495183   -1.745980707395503    4.103947717176176
  -0.942122186495183   -1.745980707395503    4.103947717176176
   0.057877813504817   -1.745980707395503    4.103947717176176
   1.057877813504817   -1.745980707395503    4.103947717176176
   2.057877813504817   -1.745980707395503    4.103947717176176
   3.057877813504817   -1.745980707395503    4.103947717176176
  -2.942122186495183   -0.745980707395503    4.103947717176176
  -1.942122186495183   -0.745980707395503    4.103947717176176
  -0.942122186495183   -0.745980707395503    4.103947717176176
   0.057877813504817   -0.745980707395503    4.103947717176176
   1.057877813504817   -0.745980707395503    4.103947717176176
   2.057877813504817   -0.745980707395503    4.103947717176176
   3.057877813504817   -0.745980707395503    4.103947717176176
  -2.942122186495183    0.254019292604497    4.103947717176176
  -1.942122186495183    0.254019292604497    4.103947717176176
  -0.942122186495183    0.254019292604497    4.103947717176176
   0.057877813504817    0.254019292604497    4.103947717176176
   1.057877813504817    0.254019292604497    4.103947717176176
   2.057877813504817    0.254019292604497    4.103947717176176
   3.057877813504817    0.254019292604497    4.103947717176176
  -2.942122186495183    1.254019292604497    4.103947717176176
  -1.942122186495183    1.254019292604497    4.103947717176176
  -0.942122186495183    1.254019292604497    4.103947717176176
   0.057877813504817    1.254019292604497    4.103947717176176
   1.057877813504817    1.254019292604497    4.103947717176176
   2.057877813504817    1.254019292604497    4.103947717176176
   3.057877813504817    1.254019292604497    4.103947717176176
  -2.942122186495183    2.254019292604497    4.103947717176176
  -1.942122186495183    2.254019292604497    4.103947717176176
  -0.942122186495183    2.254019292604497    4.103947717176176
   0.057877813504817    2.254019292604497    4.103947717176176
   1.057877813504817    2.254019292604497    4.103947717176176
   2.057877813504817    2.254019292604497    4.103947717176176
   3.057877813504817    2.254019292604497    4.103947717176176
  -2.942122186495183    3.254019292604497    4.103947717176176
  -1.942122186495183    3.254019292604497    4.103947717176176
  -0.942122186495183    3.254019292604497    4.103947717176176
   0.057877813504817    3.254019292604497    4.103947717176176
   1.057877813504817    3.254019292604497    4.103947717176176
   2.057877813504817    3.254019292604497    4.103947717176176
   3.057877813504817    3.254019292604497    4.103947717176176
  -2.442122186495183   -2.245980707395503    4.811054498362722
  -1.442122186495183   -2.245980707395503    4.811054498362722
  -0.442122186495183   -2.245980707395503    4.811054498362722
   0.557877813504817   -2.245980707395503    4.811054498362722
   1.557877813504817   -2.245980707395503    4.811054498362722
   2.557877813504817   -2.245980707395503    4.811054498362722
  -2.442122186495183   -1.245980707395503    4.811054498362722
  -1.442122186495183   -1.245980707395503    4.811054498362722
  -0.442122186495183   -1.245980707395503    4.811054498362722
   0.557877813504817   -1.245980707395503    4.811054498362722
   1.557877813504817   -1.245980707395503    4.811054498362722
   2.557877813504817   -1.245980707395503    4.811054498362722
  -2.442122186495183   -0.245980707395503    4.811054498362722
  -1.442122186495183   -0.245980707395503    4.811054498362722
  -0.442122186495183   -0.245980707395503    4.811054498362722
   0.557877813504817   -0.245980707395503    4.811054498362722
   1.557877813504817   -0.245980707395503    4.811054498362722
   2.557877813504817   -0.245980707395503    4.811054498362722
  -2.442122186495183    0.754019292604497    4.811054498362722
  -1.442122186495183    0.754019292604497    4.811054498362722
  -0.442122186495183    0.754019292604497    4.811054498362722
   0.557877813504817    0.754019292604497    4.811054498362722
   1.557877813504817    0.754019292604497    4.811054498362722
   2.557877813504817    0.754019292604497    4.811054498362722
  -2.442122186495183    1.754019292604497    4.811054498362722
  -1.442122186495183    1.754019292604497    4.811054498362722
  -0.442122186495183    1.754019292604497    4.811054498362722
   0.557877813504817    1.754019292604497    4.811054498362722
   1.557877813504817    1.754019292604497    4.811054498362722
   2.557877813504817    1.754019292604497    4.811054498362722
  -2.442122186495183    2.754019292604497    4.811054498362722
  -1.442122186495183    2.754019292604497    4.811054498362722
  -0.442122186495183    2.754019292604497    4.811054498362722
   0.557877813504817    2.754019292604497    4.811054498362722
   1.557877813504817    2.754019292604497    4.811054498362722
   2.557877813504817    2.754019292604497    4.811054498362722
  -1.942122186495183   -1.745980707395503    5.518161279549268
  -0.942122186495183   -1.745980707395503    5.518161279549268
   0.057877813504817   -1.745980707395503    5.518161279549268
   1.057877813504817   -1.745980707395503    5.518161279549268
   2.057877813504817   -1.745980707395503    5.518161279549268
  -1.942122186495183   -0.745980707395503    5.518161279549268
  -0.942122186495183   -0.745980707395503    5.518161279549268
   0.057877813504817   -0.745980707395503    5.518161279549268
   1.057877813504817   -0.745980707395503    5.518161279549268
   2.057877813504817   -0.745980707395503    5.518161279549268
  -1.942122186495183    0.254019292604497    5.518161279549268
  -0.942122186495183    0.254019292604497    5.518161279549268
   0.057877813504817    0.254019292604497    5.518161279549268
   1.057877813504817    0.254019292604497    5.518161279549268
   2.057877813504817    0.254019292604497    5.518161279549268
  -1.942122186495183    1.254019292604497    5.518161279549268
  -0.942122186495183    1.254019292604497    5.518161279549268
   0.057877813504817    1.254019292604497    5.518161279549268
   1.057877813504817    1.254019292604497    5.518161279549268
   2.057877813504817    1.254019292604497    5.518161279549268
  -1.942122186495183    2.254019292604497    5.518161279549268
  -0.942122186495183    2.254019292604497    5.518161279549268
   0.057877813504817    2.254019292604497    5.518161279549268
   1.057877813504817    2.254019292604497    5.518161279549268
   2.057877813504817    2.254019292604497    5.518161279549268
