# N = 1519, version = 1
# 100 facet sizes: [25, 30, 30, 25, 25, 30]
# 111 facet sizes: [61, 70, 75, 70, 75, 61, 70, 61]
# 100 hollow sites: [16, 20, 20, 16, 16, 20]
# 111 hollow sites: [48, 56, 61, 56, 60, 48, 56, 48]
# edges: [5, 5, 5, 5, 5, 6, 5, 6, 5, 6, 5, 6, 5, 5, 5, 5, 5, 5, 5, 5, 6, 5, 6, 5, 5, 5, 5, 5, 6, 6, 6, 5, 5, 5, 5, 5]
# x,          y,          z
  -2.500000000000000   -2.180710994075056   -5.882625670739998
  -1.500000000000000   -2.180710994075056   -5.882625670739998
  -0.500000000000000   -2.180710994075056   -5.882625670739998
   0.500000000000000   -2.180710994075056   -5.882625670739998
   1.500000000000000   -2.180710994075056   -5.882625670739998
   2.500000000000000   -2.180710994075056   -5.882625670739998
  -2.500000000000000   -1.180710994075056   -5.882625670739998
  -1.500000000000000   -1.180710994075056   -5.882625670739998
  -0.500000000000000   -1.180710994075056   -5.882625670739998
   0.500000000000000   -1.180710994075056   -5.882625670739998
   1.500000000000000   -1.180710994075056   -5.882625670739998
   2.500000000000000   -1.180710994075056   -5.882625670739998
  -2.500000000000000   -0.180710994075056   -5.882625670739998
  -1.500000000000000   -0.180710994075056   -5.882625670739998
  -0.500000000000000   -0.180710994075056   -5.882625670739998
   0.500000000000000   -0.180710994075056   -5.882625670739998
   1.500000000000000   -0.180710994075056   -5.882625670739998
   2.500000000000000   -0.180710994075056   -5.882625670739998
  -2.500000000000000    0.819289005924944   -5.882625670739998
  -1.500000000000000    0.819289005924944   -5.882625670739998
  -0.500000000000000    0.819289005924944   -5.882625670739998
   0.500000000000000    0.819289005924944   -5.882625670739998
   1.500000000000000    0.819289005924944   -5.882625670739998
   2.500000000000000    0.819289005924944   -5.882625670739998
  -2.500000000000000    1.819289005924944   -5.882625670739998
  -1.500000000000000    1.819289005924944   -5.882625670739998
  -0.500000000000000    1.819289005924944   -5.882625670739998
   0.500000000000000    1.819289005924944   -5.882625670739998
   1.500000000000000    1.819289005924944   -5.882625670739998
   2.500000000000000    1.819289005924944   -5.882625670739998
  -3.000000000000000   -2.680710994075056   -5.175518889553445
  -2.000000000000000   -2.680710994075056   -5.175518889553445
  -1.000000000000000   -2.680710994075056   -5.175518889553445
   0.000000000000000   -2.680710994075056   -5.175518889553445
   1.000000000000000   -2.680710994075056   -5.175518889553445
   2.000000000000000   -2.680710994075056   -5.175518889553445
   3.000000000000000   -2.680710994075056   -5.175518889553445
  -3.000000000000000   -1.680710994075056   -5.175518889553445
  -2.000000000000000   -1.680710994075056   -5.175518889553445
  -1.000000000000000   -1.680710994075056   -5.175518889553445
   0.000000000000000   -1.680710994075056   -5.175518889553445
   1.000000000000000   -1.680710994075056   -5.175518889553445
   2.000000000000000   -1.680710994075056   -5.175518889553445
   3.000000000000000   -1.680710994075056   -5.175518889553445
  -3.000000000000000   -0.680710994075056   -5.175518889553445
  -2.000000000000000   -0.680710994075056   -5.175518889553445
  -1.000000000000000   -0.680710994075056   -5.175518889553445
   0.000000000000000   -0.680710994075056   -5.175518889553445
   1.000000000000000   -0.680710994075056   -5.175518889553445
   2.000000000000000   -0.680710994075056   -5.175518889553445
   3.000000000000000   -0.680710994075056   -5.175518889553445
  -3.000000000000000    0.319289005924944   -5.175518889553445
  -2.000000000000000    0.319289005924944   -5.175518889553445
  -1.000000000000000    0.319289005924944   -5.175518889553445
   0.000000000000000    0.319289005924944   -5.175518889553445
   1.000000000000000    0.319289005924944   -5.175518889553445
   2.000000000000000    0.319289005924944   -5.175518889553445
   3.000000000000000    0.319289005924944   -5.175518889553445
  -3.000000000000000    1.319289005924944   -5.175518889553445
  -2.000000000000000    1.319289005924944   -5.175518889553445
  -1.000000000000000    1.319289005924944   -5.175518889553445
   0.000000000000000    1.319289005924944   -5.175518889553445
   1.000000000000000    1.319289005924944   -5.175518889553445
   2.000000000000000    1.319289005924944   -5.175518889553445
   3.000000000000000    1.319289005924944   -5.175518889553445
  -3.000000000000000    2.319289005924944   -5.175518889553445
  -2.000000000000000    2.319289005924944   -5.175518889553445
  -1.000000000000000    2.319289005924944   -5.175518889553445
   0.000000000000000    2.319289005924944   -5.175518889553445
   1.000000000000000    2.319289005924944   -5.175518889553445
   2.000000000000000    2.319289005924944   -5.175518889553445
   3.000000000000000    2.319289005924944   -5.175518889553445
  -3.500000000000000   -3.180710994075056   -4.468412108366898
  -2.500000000000000   -3.180710994075056   -4.468412108366898
  -1.500000000000000   -3.180710994075056   -4.468412108366898
  -0.500000000000000   -3.180710994075056   -4.468412108366898
   0.500000000000000   -3.180710994075056   -4.468412108366898
   1.500000000000000   -3.180710994075056   -4.468412108366898
   2.500000000000000   -3.180710994075056   -4.468412108366898
   3.500000000000000   -3.180710994075056   -4.468412108366898
  -3.500000000000000   -2.180710994075056   -4.468412108366898
  -2.500000000000000   -2.180710994075056   -4.468412108366898
  -1.500000000000000   -2.180710994075056   -4.468412108366898
  -0.500000000000000   -2.180710994075056   -4.468412108366898
   0.500000000000000   -2.180710994075056   -4.468412108366898
   1.500000000000000   -2.180710994075056   -4.468412108366898
   2.500000000000000   -2.180710994075056   -4.468412108366898
   3.500000000000000   -2.180710994075056   -4.468412108366898
  -3.500000000000000   -1.180710994075056   -4.468412108366898
  -2.500000000000000   -1.180710994075056   -4.468412108366898
  -1.500000000000000   -1.180710994075056   -4.468412108366898
  -0.500000000000000   -1.180710994075056   -4.468412108366898
   0.500000000000000   -1.180710994075056   -4.468412108366898
   1.500000000000000   -1.180710994075056   -4.468412108366898
   2.500000000000000   -1.180710994075056   -4.468412108366898
   3.500000000000000   -1.180710994075056   -4.468412108366898
  -3.500000000000000   -0.180710994075056   -4.468412108366898
  -2.500000000000000   -0.180710994075056   -4.468412108366898
  -1.500000000000000   -0.180710994075056   -4.468412108366898
  -0.500000000000000   -0.180710994075056   -4.468412108366898
   0.500000000000000   -0.180710994075056   -4.468412108366898
   1.500000000000000   -0.180710994075056   -4.468412108366898
   2.500000000000000   -0.180710994075056   -4.468412108366898
   3.500000000000000   -0.180710994075056   -4.468412108366898
  -3.500000000000000    0.819289005924944   -4.468412108366898
  -2.500000000000000    0.819289005924944   -4.468412108366898
  -1.500000000000000    0.819289005924944   -4.468412108366898
  -0.500000000000000    0.819289005924944   -4.468412108366898
   0.500000000000000    0.819289005924944   -4.468412108366898
   1.500000000000000    0.819289005924944   -4.468412108366898
   2.500000000000000    0.819289005924944   -4.468412108366898
   3.500000000000000    0.819289005924944   -4.468412108366898
  -3.500000000000000    1.819289005924944   -4.468412108366898
  -2.500000000000000    1.819289005924944   -4.468412108366898
  -1.500000000000000    1.819289005924944   -4.468412108366898
  -0.500000000000000    1.819289005924944   -4.468412108366898
   0.500000000000000    1.819289005924944   -4.468412108366898
   1.500000000000000    1.819289005924944   -4.468412108366898
   2.500000000000000    1.819289005924944   -4.468412108366898
   3.500000000000000    1.819289005924944   -4.468412108366898
  -3.500000000000000    2.819289005924944   -4.468412108366898
  -2.500000000000000    2.819289005924944   -4.468412108366898
  -1.500000000000000    2.819289005924944   -4.468412108366898
  -0.500000000000000    2.819289005924944   -4.468412108366898
   0.500000000000000    2.819289005924944   -4.468412108366898
   1.500000000000000    2.819289005924944   -4.468412108366898
   2.500000000000000    2.819289005924944   -4.468412108366898
   3.500000000000000    2.819289005924944   -4.468412108366898
  -4.000000000000000   -3.680710994075056   -3.761305327180352
  -3.000000000000000   -3.680710994075056   -3.761305327180352
  -2.000000000000000   -3.680710994075056   -3.761305327180352
  -1.000000000000000   -3.680710994075056   -3.761305327180352
   0.000000000000000   -3.680710994075056   -3.761305327180352
   1.000000000000000   -3.680710994075056   -3.761305327180352
   2.000000000000000   -3.680710994075056   -3.761305327180352
   3.000000000000000   -3.680710994075056   -3.761305327180352
   4.000000000000000   -3.680710994075056   -3.761305327180352
  -4.000000000000000   -2.680710994075056   -3.761305327180352
  -3.000000000000000   -2.680710994075056   -3.761305327180352
  -2.000000000000000   -2.680710994075056   -3.761305327180352
  -1.000000000000000   -2.680710994075056   -3.761305327180352
   0.000000000000000   -2.680710994075056   -3.761305327180352
   1.000000000000000   -2.680710994075056   -3.761305327180352
   2.000000000000000   -2.680710994075056   -3.761305327180352
   3.000000000000000   -2.680710994075056   -3.761305327180352
   4.000000000000000   -2.680710994075056   -3.761305327180352
  -4.000000000000000   -1.680710994075056   -3.761305327180352
  -3.000000000000000   -1.680710994075056   -3.761305327180352
  -2.000000000000000   -1.680710994075056   -3.761305327180352
  -1.000000000000000   -1.680710994075056   -3.761305327180352
   0.000000000000000   -1.680710994075056   -3.761305327180352
   1.000000000000000   -1.680710994075056   -3.761305327180352
   2.000000000000000   -1.680710994075056   -3.761305327180352
   3.000000000000000   -1.680710994075056   -3.761305327180352
   4.000000000000000   -1.680710994075056   -3.761305327180352
  -4.000000000000000   -0.680710994075056   -3.761305327180352
  -3.000000000000000   -0.680710994075056   -3.761305327180352
  -2.000000000000000   -0.680710994075056   -3.761305327180352
  -1.000000000000000   -0.680710994075056   -3.761305327180352
   0.000000000000000   -0.680710994075056   -3.761305327180352
   1.000000000000000   -0.680710994075056   -3.761305327180352
   2.000000000000000   -0.680710994075056   -3.761305327180352
   3.000000000000000   -0.680710994075056   -3.761305327180352
   4.000000000000000   -0.680710994075056   -3.761305327180352
  -4.000000000000000    0.319289005924944   -3.761305327180352
  -3.000000000000000    0.319289005924944   -3.761305327180352
  -2.000000000000000    0.319289005924944   -3.761305327180352
  -1.000000000000000    0.319289005924944   -3.761305327180352
   0.000000000000000    0.319289005924944   -3.761305327180352
   1.000000000000000    0.319289005924944   -3.761305327180352
   2.000000000000000    0.319289005924944   -3.761305327180352
   3.000000000000000    0.319289005924944   -3.761305327180352
   4.000000000000000    0.319289005924944   -3.761305327180352
  -4.000000000000000    1.319289005924944   -3.761305327180352
  -3.000000000000000    1.319289005924944   -3.761305327180352
  -2.000000000000000    1.319289005924944   -3.761305327180352
  -1.000000000000000    1.319289005924944   -3.761305327180352
   0.000000000000000    1.319289005924944   -3.761305327180352
   1.000000000000000    1.319289005924944   -3.761305327180352
   2.000000000000000    1.319289005924944   -3.761305327180352
   3.000000000000000    1.319289005924944   -3.761305327180352
   4.000000000000000    1.319289005924944   -3.761305327180352
  -4.000000000000000    2.319289005924944   -3.761305327180352
  -3.000000000000000    2.319289005924944   -3.761305327180352
  -2.000000000000000    2.319289005924944   -3.761305327180352
  -1.000000000000000    2.319289005924944   -3.761305327180352
   0.000000000000000    2.319289005924944   -3.761305327180352
   1.000000000000000    2.319289005924944   -3.761305327180352
   2.000000000000000    2.319289005924944   -3.761305327180352
   3.000000000000000    2.319289005924944   -3.761305327180352
   4.000000000000000    2.319289005924944   -3.761305327180352
  -4.000000000000000    3.319289005924944   -3.761305327180352
  -3.000000000000000    3.319289005924944   -3.761305327180352
  -2.000000000000000    3.319289005924944   -3.761305327180352
  -1.000000000000000    3.319289005924944   -3.761305327180352
   0.000000000000000    3.319289005924944   -3.761305327180352
   1.000000000000000    3.319289005924944   -3.761305327180352
   2.000000000000000    3.319289005924944   -3.761305327180352
   3.000000000000000    3.319289005924944   -3.761305327180352
   4.000000000000000    3.319289005924944   -3.761305327180352
  -4.500000000000000   -4.180710994075056   -3.054198545993806
  -3.500000000000000   -4.180710994075056   -3.054198545993806
  -2.500000000000000   -4.180710994075056   -3.054198545993806
  -1.500000000000000   -4.180710994075056   -3.054198545993806
  -0.500000000000000   -4.180710994075056   -3.054198545993806
   0.500000000000000   -4.180710994075056   -3.054198545993806
   1.500000000000000   -4.180710994075056   -3.054198545993806
   2.500000000000000   -4.180710994075056   -3.054198545993806
   3.500000000000000   -4.180710994075056   -3.054198545993806
   4.500000000000000   -4.180710994075056   -3.054198545993806
  -4.500000000000000   -3.180710994075056   -3.054198545993806
  -3.500000000000000   -3.180710994075056   -3.054198545993806
  -2.500000000000000   -3.180710994075056   -3.054198545993806
  -1.500000000000000   -3.180710994075056   -3.054198545993806
  -0.500000000000000   -3.180710994075056   -3.054198545993806
   0.500000000000000   -3.180710994075056   -3.054198545993806
   1.500000000000000   -3.180710994075056   -3.054198545993806
   2.500000000000000   -3.180710994075056   -3.054198545993806
   3.500000000000000   -3.180710994075056   -3.054198545993806
   4.500000000000000   -3.180710994075056   -3.054198545993806
  -4.500000000000000   -2.180710994075056   -3.054198545993806
  -3.500000000000000   -2.180710994075056   -3.054198545993806
  -2.500000000000000   -2.180710994075056   -3.054198545993806
  -1.500000000000000   -2.180710994075056   -3.054198545993806
  -0.500000000000000   -2.180710994075056   -3.054198545993806
   0.500000000000000   -2.180710994075056   -3.054198545993806
   1.500000000000000   -2.180710994075056   -3.054198545993806
   2.500000000000000   -2.180710994075056   -3.054198545993806
   3.500000000000000   -2.180710994075056   -3.054198545993806
   4.500000000000000   -2.180710994075056   -3.054198545993806
  -4.500000000000000   -1.180710994075056   -3.054198545993806
  -3.500000000000000   -1.180710994075056   -3.054198545993806
  -2.500000000000000   -1.180710994075056   -3.054198545993806
  -1.500000000000000   -1.180710994075056   -3.054198545993806
  -0.500000000000000   -1.180710994075056   -3.054198545993806
   0.500000000000000   -1.180710994075056   -3.054198545993806
   1.500000000000000   -1.180710994075056   -3.054198545993806
   2.500000000000000   -1.180710994075056   -3.054198545993806
   3.500000000000000   -1.180710994075056   -3.054198545993806
   4.500000000000000   -1.180710994075056   -3.054198545993806
  -4.500000000000000   -0.180710994075056   -3.054198545993806
  -3.500000000000000   -0.180710994075056   -3.054198545993806
  -2.500000000000000   -0.180710994075056   -3.054198545993806
  -1.500000000000000   -0.180710994075056   -3.054198545993806
  -0.500000000000000   -0.180710994075056   -3.054198545993806
   0.500000000000000   -0.180710994075056   -3.054198545993806
   1.500000000000000   -0.180710994075056   -3.054198545993806
   2.500000000000000   -0.180710994075056   -3.054198545993806
   3.500000000000000   -0.180710994075056   -3.054198545993806
   4.500000000000000   -0.180710994075056   -3.054198545993806
  -4.500000000000000    0.819289005924944   -3.054198545993806
  -3.500000000000000    0.819289005924944   -3.054198545993806
  -2.500000000000000    0.819289005924944   -3.054198545993806
  -1.500000000000000    0.819289005924944   -3.054198545993806
  -0.500000000000000    0.819289005924944   -3.054198545993806
   0.500000000000000    0.819289005924944   -3.054198545993806
   1.500000000000000    0.819289005924944   -3.054198545993806
   2.500000000000000    0.819289005924944   -3.054198545993806
   3.500000000000000    0.819289005924944   -3.054198545993806
   4.500000000000000    0.819289005924944   -3.054198545993806
  -4.500000000000000    1.819289005924944   -3.054198545993806
  -3.500000000000000    1.819289005924944   -3.054198545993806
  -2.500000000000000    1.819289005924944   -3.054198545993806
  -1.500000000000000    1.819289005924944   -3.054198545993806
  -0.500000000000000    1.819289005924944   -3.054198545993806
   0.500000000000000    1.819289005924944   -3.054198545993806
   1.500000000000000    1.819289005924944   -3.054198545993806
   2.500000000000000    1.819289005924944   -3.054198545993806
   3.500000000000000    1.819289005924944   -3.054198545993806
   4.500000000000000    1.819289005924944   -3.054198545993806
  -4.500000000000000    2.819289005924944   -3.054198545993806
  -3.500000000000000    2.819289005924944   -3.054198545993806
  -2.500000000000000    2.819289005924944   -3.054198545993806
  -1.500000000000000    2.819289005924944   -3.054198545993806
  -0.500000000000000    2.819289005924944   -3.054198545993806
   0.500000000000000    2.819289005924944   -3.054198545993806
   1.500000000000000    2.819289005924944   -3.054198545993806
   2.500000000000000    2.819289005924944   -3.054198545993806
   3.500000000000000    2.819289005924944   -3.054198545993806
   4.500000000000000    2.819289005924944   -3.054198545993806
  -4.500000000000000    3.819289005924944   -3.054198545993806
  -3.500000000000000    3.819289005924944   -3.054198545993806
  -2.500000000000000    3.819289005924944   -3.054198545993806
  -1.500000000000000    3.819289005924944   -3.054198545993806
  -0.500000000000000    3.819289005924944   -3.054198545993806
   0.500000000000000    3.819289005924944   -3.054198545993806
   1.500000000000000    3.819289005924944   -3.054198545993806
   2.500000000000000    3.819289005924944   -3.054198545993806
   3.500000000000000    3.819289005924944   -3.054198545993806
   4.500000000000000    3.819289005924944   -3.054198545993806
  -4.000000000000000   -4.680710994075056   -2.347091764807260
  -3.000000000000000   -4.680710994075056   -2.347091764807260
  -2.000000000000000   -4.680710994075056   -2.347091764807260
  -1.000000000000000   -4.680710994075056   -2.347091764807260
   0.000000000000000   -4.680710994075056   -2.347091764807260
   1.000000000000000   -4.680710994075056   -2.347091764807260
   2.000000000000000   -4.680710994075056   -2.347091764807260
   3.000000000000000   -4.680710994075056   -2.347091764807260
   4.000000000000000   -4.680710994075056   -2.347091764807260
  -5.000000000000000   -3.680710994075056   -2.347091764807260
  -4.000000000000000   -3.680710994075056   -2.347091764807260
  -3.000000000000000   -3.680710994075056   -2.347091764807260
  -2.000000000000000   -3.680710994075056   -2.347091764807260
  -1.000000000000000   -3.680710994075056   -2.347091764807260
   0.000000000000000   -3.680710994075056   -2.347091764807260
   1.000000000000000   -3.680710994075056   -2.347091764807260
   2.000000000000000   -3.680710994075056   -2.347091764807260
   3.000000000000000   -3.680710994075056   -2.347091764807260
   4.000000000000000   -3.680710994075056   -2.347091764807260
   5.000000000000000   -3.680710994075056   -2.347091764807260
  -5.000000000000000   -2.680710994075056   -2.347091764807260
  -4.000000000000000   -2.680710994075056   -2.347091764807260
  -3.000000000000000   -2.680710994075056   -2.347091764807260
  -2.000000000000000   -2.680710994075056   -2.347091764807260
  -1.000000000000000   -2.680710994075056   -2.347091764807260
   0.000000000000000   -2.680710994075056   -2.347091764807260
   1.000000000000000   -2.680710994075056   -2.347091764807260
   2.000000000000000   -2.680710994075056   -2.347091764807260
   3.000000000000000   -2.680710994075056   -2.347091764807260
   4.000000000000000   -2.680710994075056   -2.347091764807260
   5.000000000000000   -2.680710994075056   -2.347091764807260
  -5.000000000000000   -1.680710994075056   -2.347091764807260
  -4.000000000000000   -1.680710994075056   -2.347091764807260
  -3.000000000000000   -1.680710994075056   -2.347091764807260
  -2.000000000000000   -1.680710994075056   -2.347091764807260
  -1.000000000000000   -1.680710994075056   -2.347091764807260
   0.000000000000000   -1.680710994075056   -2.347091764807260
   1.000000000000000   -1.680710994075056   -2.347091764807260
   2.000000000000000   -1.680710994075056   -2.347091764807260
   3.000000000000000   -1.680710994075056   -2.347091764807260
   4.000000000000000   -1.680710994075056   -2.347091764807260
   5.000000000000000   -1.680710994075056   -2.347091764807260
  -5.000000000000000   -0.680710994075056   -2.347091764807260
  -4.000000000000000   -0.680710994075056   -2.347091764807260
  -3.000000000000000   -0.680710994075056   -2.347091764807260
  -2.000000000000000   -0.680710994075056   -2.347091764807260
  -1.000000000000000   -0.680710994075056   -2.347091764807260
   0.000000000000000   -0.680710994075056   -2.347091764807260
   1.000000000000000   -0.680710994075056   -2.347091764807260
   2.000000000000000   -0.680710994075056   -2.347091764807260
   3.000000000000000   -0.680710994075056   -2.347091764807260
   4.000000000000000   -0.680710994075056   -2.347091764807260
   5.000000000000000   -0.680710994075056   -2.347091764807260
  -5.000000000000000    0.319289005924944   -2.347091764807260
  -4.000000000000000    0.319289005924944   -2.347091764807260
  -3.000000000000000    0.319289005924944   -2.347091764807260
  -2.000000000000000    0.319289005924944   -2.347091764807260
  -1.000000000000000    0.319289005924944   -2.347091764807260
   0.000000000000000    0.319289005924944   -2.347091764807260
   1.000000000000000    0.319289005924944   -2.347091764807260
   2.000000000000000    0.319289005924944   -2.347091764807260
   3.000000000000000    0.319289005924944   -2.347091764807260
   4.000000000000000    0.319289005924944   -2.347091764807260
   5.000000000000000    0.319289005924944   -2.347091764807260
  -5.000000000000000    1.319289005924944   -2.347091764807260
  -4.000000000000000    1.319289005924944   -2.347091764807260
  -3.000000000000000    1.319289005924944   -2.347091764807260
  -2.000000000000000    1.319289005924944   -2.347091764807260
  -1.000000000000000    1.319289005924944   -2.347091764807260
   0.000000000000000    1.319289005924944   -2.347091764807260
   1.000000000000000    1.319289005924944   -2.347091764807260
   2.000000000000000    1.319289005924944   -2.347091764807260
   3.000000000000000    1.319289005924944   -2.347091764807260
   4.000000000000000    1.319289005924944   -2.347091764807260
   5.000000000000000    1.319289005924944   -2.347091764807260
  -5.000000000000000    2.319289005924944   -2.347091764807260
  -4.000000000000000    2.319289005924944   -2.347091764807260
  -3.000000000000000    2.319289005924944   -2.347091764807260
  -2.000000000000000    2.319289005924944   -2.347091764807260
  -1.000000000000000    2.319289005924944   -2.347091764807260
   0.000000000000000    2.319289005924944   -2.347091764807260
   1.000000000000000    2.319289005924944   -2.347091764807260
   2.000000000000000    2.319289005924944   -2.347091764807260
   3.000000000000000    2.319289005924944   -2.347091764807260
   4.000000000000000    2.319289005924944   -2.347091764807260
   5.000000000000000    2.319289005924944   -2.347091764807260
  -5.000000000000000    3.319289005924944   -2.347091764807260
  -4.000000000000000    3.319289005924944   -2.347091764807260
  -3.000000000000000    3.319289005924944   -2.347091764807260
  -2.000000000000000    3.319289005924944   -2.347091764807260
  -1.000000000000000    3.319289005924944   -2.347091764807260
   0.000000000000000    3.319289005924944   -2.347091764807260
   1.000000000000000    3.319289005924944   -2.347091764807260
   2.000000000000000    3.319289005924944   -2.347091764807260
   3.000000000000000    3.319289005924944   -2.347091764807260
   4.000000000000000    3.319289005924944   -2.347091764807260
   5.000000000000000    3.319289005924944   -2.347091764807260
  -4.000000000000000    4.319289005924944   -2.347091764807260
  -3.000000000000000    4.319289005924944   -2.347091764807260
  -2.000000000000000    4.319289005924944   -2.347091764807260
  -1.000000000000000    4.319289005924944   -2.347091764807260
   0.000000000000000    4.319289005924944   -2.347091764807260
   1.000000000000000    4.319289005924944   -2.347091764807260
   2.000000000000000    4.319289005924944   -2.347091764807260
   3.000000000000000    4.319289005924944   -2.347091764807260
   4.000000000000000    4.319289005924944   -2.347091764807260
  -3.500000000000000   -5.180710994075056   -1.639984983620714
  -2.500000000000000   -5.180710994075056   -1.639984983620714
  -1.500000000000000   -5.180710994075056   -1.639984983620714
  -0.500000000000000   -5.180710994075056   -1.639984983620714
   0.500000000000000   -5.180710994075056   -1.639984983620714
   1.500000000000000   -5.180710994075056   -1.639984983620714
   2.500000000000000   -5.180710994075056   -1.639984983620714
   3.500000000000000   -5.180710994075056   -1.639984983620714
  -4.500000000000000   -4.180710994075056   -1.639984983620714
  -3.500000000000000   -4.180710994075056   -1.639984983620714
  -2.500000000000000   -4.180710994075056   -1.639984983620714
  -1.500000000000000   -4.180710994075056   -1.639984983620714
  -0.500000000000000   -4.180710994075056   -1.639984983620714
   0.500000000000000   -4.180710994075056   -1.639984983620714
   1.500000000000000   -4.180710994075056   -1.639984983620714
   2.500000000000000   -4.180710994075056   -1.639984983620714
   3.500000000000000   -4.180710994075056   -1.639984983620714
   4.500000000000000   -4.180710994075056   -1.639984983620714
  -5.500000000000000   -3.180710994075056   -1.639984983620714
  -4.500000000000000   -3.180710994075056   -1.639984983620714
  -3.500000000000000   -3.180710994075056   -1.639984983620714
  -2.500000000000000   -3.180710994075056   -1.639984983620714
  -1.500000000000000   -3.180710994075056   -1.639984983620714
  -0.500000000000000   -3.180710994075056   -1.639984983620714
   0.500000000000000   -3.180710994075056   -1.639984983620714
   1.500000000000000   -3.180710994075056   -1.639984983620714
   2.500000000000000   -3.180710994075056   -1.639984983620714
   3.500000000000000   -3.180710994075056   -1.639984983620714
   4.500000000000000   -3.180710994075056   -1.639984983620714
   5.500000000000000   -3.180710994075056   -1.639984983620714
  -5.500000000000000   -2.180710994075056   -1.639984983620714
  -4.500000000000000   -2.180710994075056   -1.639984983620714
  -3.500000000000000   -2.180710994075056   -1.639984983620714
  -2.500000000000000   -2.180710994075056   -1.639984983620714
  -1.500000000000000   -2.180710994075056   -1.639984983620714
  -0.500000000000000   -2.180710994075056   -1.639984983620714
   0.500000000000000   -2.180710994075056   -1.639984983620714
   1.500000000000000   -2.180710994075056   -1.639984983620714
   2.500000000000000   -2.180710994075056   -1.639984983620714
   3.500000000000000   -2.180710994075056   -1.639984983620714
   4.500000000000000   -2.180710994075056   -1.639984983620714
   5.500000000000000   -2.180710994075056   -1.639984983620714
  -5.500000000000000   -1.180710994075056   -1.639984983620714
  -4.500000000000000   -1.180710994075056   -1.639984983620714
  -3.500000000000000   -1.180710994075056   -1.639984983620714
  -2.500000000000000   -1.180710994075056   -1.639984983620714
  -1.500000000000000   -1.180710994075056   -1.639984983620714
  -0.500000000000000   -1.180710994075056   -1.639984983620714
   0.500000000000000   -1.180710994075056   -1.639984983620714
   1.500000000000000   -1.180710994075056   -1.639984983620714
   2.500000000000000   -1.180710994075056   -1.639984983620714
   3.500000000000000   -1.180710994075056   -1.639984983620714
   4.500000000000000   -1.180710994075056   -1.639984983620714
   5.500000000000000   -1.180710994075056   -1.639984983620714
  -5.500000000000000   -0.180710994075056   -1.639984983620714
  -4.500000000000000   -0.180710994075056   -1.639984983620714
  -3.500000000000000   -0.180710994075056   -1.639984983620714
  -2.500000000000000   -0.180710994075056   -1.639984983620714
  -1.500000000000000   -0.180710994075056   -1.639984983620714
  -0.500000000000000   -0.180710994075056   -1.639984983620714
   0.500000000000000   -0.180710994075056   -1.639984983620714
   1.500000000000000   -0.180710994075056   -1.639984983620714
   2.500000000000000   -0.180710994075056   -1.639984983620714
   3.500000000000000   -0.180710994075056   -1.639984983620714
   4.500000000000000   -0.180710994075056   -1.639984983620714
   5.500000000000000   -0.180710994075056   -1.639984983620714
  -5.500000000000000    0.819289005924944   -1.639984983620714
  -4.500000000000000    0.819289005924944   -1.639984983620714
  -3.500000000000000    0.819289005924944   -1.639984983620714
  -2.500000000000000    0.819289005924944   -1.639984983620714
  -1.500000000000000    0.819289005924944   -1.639984983620714
  -0.500000000000000    0.819289005924944   -1.639984983620714
   0.500000000000000    0.819289005924944   -1.639984983620714
   1.500000000000000    0.819289005924944   -1.639984983620714
   2.500000000000000    0.819289005924944   -1.639984983620714
   3.500000000000000    0.819289005924944   -1.639984983620714
   4.500000000000000    0.819289005924944   -1.639984983620714
   5.500000000000000    0.819289005924944   -1.639984983620714
  -5.500000000000000    1.819289005924944   -1.639984983620714
  -4.500000000000000    1.819289005924944   -1.639984983620714
  -3.500000000000000    1.819289005924944   -1.639984983620714
  -2.500000000000000    1.819289005924944   -1.639984983620714
  -1.500000000000000    1.819289005924944   -1.639984983620714
  -0.500000000000000    1.819289005924944   -1.639984983620714
   0.500000000000000    1.819289005924944   -1.639984983620714
   1.500000000000000    1.819289005924944   -1.639984983620714
   2.500000000000000    1.819289005924944   -1.639984983620714
   3.500000000000000    1.819289005924944   -1.639984983620714
   4.500000000000000    1.819289005924944   -1.639984983620714
   5.500000000000000    1.819289005924944   -1.639984983620714
  -5.500000000000000    2.819289005924944   -1.639984983620714
  -4.500000000000000    2.819289005924944   -1.639984983620714
  -3.500000000000000    2.819289005924944   -1.639984983620714
  -2.500000000000000    2.819289005924944   -1.639984983620714
  -1.500000000000000    2.819289005924944   -1.639984983620714
  -0.500000000000000    2.819289005924944   -1.639984983620714
   0.500000000000000    2.819289005924944   -1.639984983620714
   1.500000000000000    2.819289005924944   -1.639984983620714
   2.500000000000000    2.819289005924944   -1.639984983620714
   3.500000000000000    2.819289005924944   -1.639984983620714
   4.500000000000000    2.819289005924944   -1.639984983620714
   5.500000000000000    2.819289005924944   -1.639984983620714
  -4.500000000000000    3.819289005924944   -1.639984983620714
  -3.500000000000000    3.819289005924944   -1.639984983620714
  -2.500000000000000    3.819289005924944   -1.639984983620714
  -1.500000000000000    3.819289005924944   -1.639984983620714
  -0.500000000000000    3.819289005924944   -1.639984983620714
   0.500000000000000    3.819289005924944   -1.639984983620714
   1.500000000000000    3.819289005924944   -1.639984983620714
   2.500000000000000    3.819289005924944   -1.639984983620714
   3.500000000000000    3.819289005924944   -1.639984983620714
   4.500000000000000    3.819289005924944   -1.639984983620714
  -3.500000000000000    4.819289005924944   -1.639984983620714
  -2.500000000000000    4.819289005924944   -1.639984983620714
  -1.500000000000000    4.819289005924944   -1.639984983620714
  -0.500000000000000    4.819289005924944   -1.639984983620714
   0.500000000000000    4.819289005924944   -1.639984983620714
   1.500000000000000    4.819289005924944   -1.639984983620714
   2.500000000000000    4.819289005924944   -1.639984983620714
   3.500000000000000    4.819289005924944   -1.639984983620714
  -3.000000000000000   -5.680710994075056   -0.932878202434161
  -2.000000000000000   -5.680710994075056   -0.932878202434161
  -1.000000000000000   -5.680710994075056   -0.932878202434161
   0.000000000000000   -5.680710994075056   -0.932878202434161
   1.000000000000000   -5.680710994075056   -0.932878202434161
   2.000000000000000   -5.680710994075056   -0.932878202434161
   3.000000000000000   -5.680710994075056   -0.932878202434161
  -4.000000000000000   -4.680710994075056   -0.932878202434161
  -3.000000000000000   -4.680710994075056   -0.932878202434161
  -2.000000000000000   -4.680710994075056   -0.932878202434161
  -1.000000000000000   -4.680710994075056   -0.932878202434161
   0.000000000000000   -4.680710994075056   -0.932878202434161
   1.000000000000000   -4.680710994075056   -0.932878202434161
   2.000000000000000   -4.680710994075056   -0.932878202434161
   3.000000000000000   -4.680710994075056   -0.932878202434161
   4.000000000000000   -4.680710994075056   -0.932878202434161
  -5.000000000000000   -3.680710994075056   -0.932878202434161
  -4.000000000000000   -3.680710994075056   -0.932878202434161
  -3.000000000000000   -3.680710994075056   -0.932878202434161
  -2.000000000000000   -3.680710994075056   -0.932878202434161
  -1.000000000000000   -3.680710994075056   -0.932878202434161
   0.000000000000000   -3.680710994075056   -0.932878202434161
   1.000000000000000   -3.680710994075056   -0.932878202434161
   2.000000000000000   -3.680710994075056   -0.932878202434161
   3.000000000000000   -3.680710994075056   -0.932878202434161
   4.000000000000000   -3.680710994075056   -0.932878202434161
   5.000000000000000   -3.680710994075056   -0.932878202434161
  -6.000000000000000   -2.680710994075056   -0.932878202434161
  -5.000000000000000   -2.680710994075056   -0.932878202434161
  -4.000000000000000   -2.680710994075056   -0.932878202434161
  -3.000000000000000   -2.680710994075056   -0.932878202434161
  -2.000000000000000   -2.680710994075056   -0.932878202434161
  -1.000000000000000   -2.680710994075056   -0.932878202434161
   0.000000000000000   -2.680710994075056   -0.932878202434161
   1.000000000000000   -2.680710994075056   -0.932878202434161
   2.000000000000000   -2.680710994075056   -0.932878202434161
   3.000000000000000   -2.680710994075056   -0.932878202434161
   4.000000000000000   -2.680710994075056   -0.932878202434161
   5.000000000000000   -2.680710994075056   -0.932878202434161
   6.000000000000000   -2.680710994075056   -0.932878202434161
  -6.000000000000000   -1.680710994075056   -0.932878202434161
  -5.000000000000000   -1.680710994075056   -0.932878202434161
  -4.000000000000000   -1.680710994075056   -0.932878202434161
  -3.000000000000000   -1.680710994075056   -0.932878202434161
  -2.000000000000000   -1.680710994075056   -0.932878202434161
  -1.000000000000000   -1.680710994075056   -0.932878202434161
   0.000000000000000   -1.680710994075056   -0.932878202434161
   1.000000000000000   -1.680710994075056   -0.932878202434161
   2.000000000000000   -1.680710994075056   -0.932878202434161
   3.000000000000000   -1.680710994075056   -0.932878202434161
   4.000000000000000   -1.680710994075056   -0.932878202434161
   5.000000000000000   -1.680710994075056   -0.932878202434161
   6.000000000000000   -1.680710994075056   -0.932878202434161
  -6.000000000000000   -0.680710994075056   -0.932878202434161
  -5.000000000000000   -0.680710994075056   -0.932878202434161
  -4.000000000000000   -0.680710994075056   -0.932878202434161
  -3.000000000000000   -0.680710994075056   -0.932878202434161
  -2.000000000000000   -0.680710994075056   -0.932878202434161
  -1.000000000000000   -0.680710994075056   -0.932878202434161
   0.000000000000000   -0.680710994075056   -0.932878202434161
   1.000000000000000   -0.680710994075056   -0.932878202434161
   2.000000000000000   -0.680710994075056   -0.932878202434161
   3.000000000000000   -0.680710994075056   -0.932878202434161
   4.000000000000000   -0.680710994075056   -0.932878202434161
   5.000000000000000   -0.680710994075056   -0.932878202434161
   6.000000000000000   -0.680710994075056   -0.932878202434161
  -6.000000000000000    0.319289005924944   -0.932878202434161
  -5.000000000000000    0.319289005924944   -0.932878202434161
  -4.000000000000000    0.319289005924944   -0.932878202434161
  -3.000000000000000    0.319289005924944   -0.932878202434161
  -2.000000000000000    0.319289005924944   -0.932878202434161
  -1.000000000000000    0.319289005924944   -0.932878202434161
   0.000000000000000    0.319289005924944   -0.932878202434161
   1.000000000000000    0.319289005924944   -0.932878202434161
   2.000000000000000    0.319289005924944   -0.932878202434161
   3.000000000000000    0.319289005924944   -0.932878202434161
   4.000000000000000    0.319289005924944   -0.932878202434161
   5.000000000000000    0.319289005924944   -0.932878202434161
   6.000000000000000    0.319289005924944   -0.932878202434161
  -6.000000000000000    1.319289005924944   -0.932878202434161
  -5.000000000000000    1.319289005924944   -0.932878202434161
  -4.000000000000000    1.319289005924944   -0.932878202434161
  -3.000000000000000    1.319289005924944   -0.932878202434161
  -2.000000000000000    1.319289005924944   -0.932878202434161
  -1.000000000000000    1.319289005924944   -0.932878202434161
   0.000000000000000    1.319289005924944   -0.932878202434161
   1.000000000000000    1.319289005924944   -0.932878202434161
   2.000000000000000    1.319289005924944   -0.932878202434161
   3.000000000000000    1.319289005924944   -0.932878202434161
   4.000000000000000    1.319289005924944   -0.932878202434161
   5.000000000000000    1.319289005924944   -0.932878202434161
   6.000000000000000    1.319289005924944   -0.932878202434161
  -6.000000000000000    2.319289005924944   -0.932878202434161
  -5.000000000000000    2.319289005924944   -0.932878202434161
  -4.000000000000000    2.319289005924944   -0.932878202434161
  -3.000000000000000    2.319289005924944   -0.932878202434161
  -2.000000000000000    2.319289005924944   -0.932878202434161
  -1.000000000000000    2.319289005924944   -0.932878202434161
   0.000000000000000    2.319289005924944   -0.932878202434161
   1.000000000000000    2.319289005924944   -0.932878202434161
   2.000000000000000    2.319289005924944   -0.932878202434161
   3.000000000000000    2.319289005924944   -0.932878202434161
   4.000000000000000    2.319289005924944   -0.932878202434161
   5.000000000000000    2.319289005924944   -0.932878202434161
   6.000000000000000    2.319289005924944   -0.932878202434161
  -5.000000000000000    3.319289005924944   -0.932878202434161
  -4.000000000000000    3.319289005924944   -0.932878202434161
  -3.000000000000000    3.319289005924944   -0.932878202434161
  -2.000000000000000    3.319289005924944   -0.932878202434161
  -1.000000000000000    3.319289005924944   -0.932878202434161
   0.000000000000000    3.319289005924944   -0.932878202434161
   1.000000000000000    3.319289005924944   -0.932878202434161
   2.000000000000000    3.319289005924944   -0.932878202434161
   3.000000000000000    3.319289005924944   -0.932878202434161
   4.000000000000000    3.319289005924944   -0.932878202434161
   5.000000000000000    3.319289005924944   -0.932878202434161
  -4.000000000000000    4.319289005924944   -0.932878202434161
  -3.000000000000000    4.319289005924944   -0.932878202434161
  -2.000000000000000    4.319289005924944   -0.932878202434161
  -1.000000000000000    4.319289005924944   -0.932878202434161
   0.000000000000000    4.319289005924944   -0.932878202434161
   1.000000000000000    4.319289005924944   -0.932878202434161
   2.000000000000000    4.319289005924944   -0.932878202434161
   3.000000000000000    4.319289005924944   -0.932878202434161
   4.000000000000000    4.319289005924944   -0.932878202434161
  -3.000000000000000    5.319289005924944   -0.932878202434161
  -2.000000000000000    5.319289005924944   -0.932878202434161
  -1.000000000000000    5.319289005924944   -0.932878202434161
   0.000000000000000    5.319289005924944   -0.932878202434161
   1.000000000000000    5.319289005924944   -0.932878202434161
   2.000000000000000    5.319289005924944   -0.932878202434161
   3.000000000000000    5.319289005924944   -0.932878202434161
  -2.500000000000000   -6.180710994075056   -0.225771421247615
  -1.500000000000000   -6.180710994075056   -0.225771421247615
  -0.500000000000000   -6.180710994075056   -0.225771421247615
   0.500000000000000   -6.180710994075056   -0.225771421247615
   1.500000000000000   -6.180710994075056   -0.225771421247615
   2.500000000000000   -6.180710994075056   -0.225771421247615
  -3.500000000000000   -5.180710994075056   -0.225771421247615
  -2.500000000000000   -5.180710994075056   -0.225771421247615
  -1.500000000000000   -5.180710994075056   -0.225771421247615
  -0.500000000000000   -5.180710994075056   -0.225771421247615
   0.500000000000000   -5.180710994075056   -0.225771421247615
   1.500000000000000   -5.180710994075056   -0.225771421247615
   2.500000000000000   -5.180710994075056   -0.225771421247615
   3.500000000000000   -5.180710994075056   -0.225771421247615
  -4.500000000000000   -4.180710994075056   -0.225771421247615
  -3.500000000000000   -4.180710994075056   -0.225771421247615
  -2.500000000000000   -4.180710994075056   -0.225771421247615
  -1.500000000000000   -4.180710994075056   -0.225771421247615
  -0.500000000000000   -4.180710994075056   -0.225771421247615
   0.500000000000000   -4.180710994075056   -0.225771421247615
   1.500000000000000   -4.180710994075056   -0.225771421247615
   2.500000000000000   -4.180710994075056   -0.225771421247615
   3.500000000000000   -4.180710994075056   -0.225771421247615
   4.500000000000000   -4.180710994075056   -0.225771421247615
  -5.500000000000000   -3.180710994075056   -0.225771421247615
  -4.500000000000000   -3.180710994075056   -0.225771421247615
  -3.500000000000000   -3.180710994075056   -0.225771421247615
  -2.500000000000000   -3.180710994075056   -0.225771421247615
  -1.500000000000000   -3.180710994075056   -0.225771421247615
  -0.500000000000000   -3.180710994075056   -0.225771421247615
   0.500000000000000   -3.180710994075056   -0.225771421247615
   1.500000000000000   -3.180710994075056   -0.225771421247615
   2.500000000000000   -3.180710994075056   -0.225771421247615
   3.500000000000000   -3.180710994075056   -0.225771421247615
   4.500000000000000   -3.180710994075056   -0.225771421247615
   5.500000000000000   -3.180710994075056   -0.225771421247615
  -6.500000000000000   -2.180710994075056   -0.225771421247615
  -5.500000000000000   -2.180710994075056   -0.225771421247615
  -4.500000000000000   -2.180710994075056   -0.225771421247615
  -3.500000000000000   -2.180710994075056   -0.225771421247615
  -2.500000000000000   -2.180710994075056   -0.225771421247615
  -1.500000000000000   -2.180710994075056   -0.225771421247615
  -0.500000000000000   -2.180710994075056   -0.225771421247615
   0.500000000000000   -2.180710994075056   -0.225771421247615
   1.500000000000000   -2.180710994075056   -0.225771421247615
   2.500000000000000   -2.180710994075056   -0.225771421247615
   3.500000000000000   -2.180710994075056   -0.225771421247615
   4.500000000000000   -2.180710994075056   -0.225771421247615
   5.500000000000000   -2.180710994075056   -0.225771421247615
   6.500000000000000   -2.180710994075056   -0.225771421247615
  -6.500000000000000   -1.180710994075056   -0.225771421247615
  -5.500000000000000   -1.180710994075056   -0.225771421247615
  -4.500000000000000   -1.180710994075056   -0.225771421247615
  -3.500000000000000   -1.180710994075056   -0.225771421247615
  -2.500000000000000   -1.180710994075056   -0.225771421247615
  -1.500000000000000   -1.180710994075056   -0.225771421247615
  -0.500000000000000   -1.180710994075056   -0.225771421247615
   0.500000000000000   -1.180710994075056   -0.225771421247615
   1.500000000000000   -1.180710994075056   -0.225771421247615
   2.500000000000000   -1.180710994075056   -0.225771421247615
   3.500000000000000   -1.180710994075056   -0.225771421247615
   4.500000000000000   -1.180710994075056   -0.225771421247615
   5.500000000000000   -1.180710994075056   -0.225771421247615
   6.500000000000000   -1.180710994075056   -0.225771421247615
  -6.500000000000000   -0.180710994075056   -0.225771421247615
  -5.500000000000000   -0.180710994075056   -0.225771421247615
  -4.500000000000000   -0.180710994075056   -0.225771421247615
  -3.500000000000000   -0.180710994075056   -0.225771421247615
  -2.500000000000000   -0.180710994075056   -0.225771421247615
  -1.500000000000000   -0.180710994075056   -0.225771421247615
  -0.500000000000000   -0.180710994075056   -0.225771421247615
   0.500000000000000   -0.180710994075056   -0.225771421247615
   1.500000000000000   -0.180710994075056   -0.225771421247615
   2.500000000000000   -0.180710994075056   -0.225771421247615
   3.500000000000000   -0.180710994075056   -0.225771421247615
   4.500000000000000   -0.180710994075056   -0.225771421247615
   5.500000000000000   -0.180710994075056   -0.225771421247615
   6.500000000000000   -0.180710994075056   -0.225771421247615
  -6.500000000000000    0.819289005924944   -0.225771421247615
  -5.500000000000000    0.819289005924944   -0.225771421247615
  -4.500000000000000    0.819289005924944   -0.225771421247615
  -3.500000000000000    0.819289005924944   -0.225771421247615
  -2.500000000000000    0.819289005924944   -0.225771421247615
  -1.500000000000000    0.819289005924944   -0.225771421247615
  -0.500000000000000    0.819289005924944   -0.225771421247615
   0.500000000000000    0.819289005924944   -0.225771421247615
   1.500000000000000    0.819289005924944   -0.225771421247615
   2.500000000000000    0.819289005924944   -0.225771421247615
   3.500000000000000    0.819289005924944   -0.225771421247615
   4.500000000000000    0.819289005924944   -0.225771421247615
   5.500000000000000    0.819289005924944   -0.225771421247615
   6.500000000000000    0.819289005924944   -0.225771421247615
  -6.500000000000000    1.819289005924944   -0.225771421247615
  -5.500000000000000    1.819289005924944   -0.225771421247615
  -4.500000000000000    1.819289005924944   -0.225771421247615
  -3.500000000000000    1.819289005924944   -0.225771421247615
  -2.500000000000000    1.819289005924944   -0.225771421247615
  -1.500000000000000    1.819289005924944   -0.225771421247615
  -0.500000000000000    1.819289005924944   -0.225771421247615
   0.500000000000000    1.819289005924944   -0.225771421247615
   1.500000000000000    1.819289005924944   -0.225771421247615
   2.500000000000000    1.819289005924944   -0.225771421247615
   3.500000000000000    1.819289005924944   -0.225771421247615
   4.500000000000000    1.819289005924944   -0.225771421247615
   5.500000000000000    1.819289005924944   -0.225771421247615
   6.500000000000000    1.819289005924944   -0.225771421247615
  -5.500000000000000    2.819289005924944   -0.225771421247615
  -4.500000000000000    2.819289005924944   -0.225771421247615
  -3.500000000000000    2.819289005924944   -0.225771421247615
  -2.500000000000000    2.819289005924944   -0.225771421247615
  -1.500000000000000    2.819289005924944   -0.225771421247615
  -0.500000000000000    2.819289005924944   -0.225771421247615
   0.500000000000000    2.819289005924944   -0.225771421247615
   1.500000000000000    2.819289005924944   -0.225771421247615
   2.500000000000000    2.819289005924944   -0.225771421247615
   3.500000000000000    2.819289005924944   -0.225771421247615
   4.500000000000000    2.819289005924944   -0.225771421247615
   5.500000000000000    2.819289005924944   -0.225771421247615
  -4.500000000000000    3.819289005924944   -0.225771421247615
  -3.500000000000000    3.819289005924944   -0.225771421247615
  -2.500000000000000    3.819289005924944   -0.225771421247615
  -1.500000000000000    3.819289005924944   -0.225771421247615
  -0.500000000000000    3.819289005924944   -0.225771421247615
   0.500000000000000    3.819289005924944   -0.225771421247615
   1.500000000000000    3.819289005924944   -0.225771421247615
   2.500000000000000    3.819289005924944   -0.225771421247615
   3.500000000000000    3.819289005924944   -0.225771421247615
   4.500000000000000    3.819289005924944   -0.225771421247615
  -3.500000000000000    4.819289005924944   -0.225771421247615
  -2.500000000000000    4.819289005924944   -0.225771421247615
  -1.500000000000000    4.819289005924944   -0.225771421247615
  -0.500000000000000    4.819289005924944   -0.225771421247615
   0.500000000000000    4.819289005924944   -0.225771421247615
   1.500000000000000    4.819289005924944   -0.225771421247615
   2.500000000000000    4.819289005924944   -0.225771421247615
   3.500000000000000    4.819289005924944   -0.225771421247615
  -2.500000000000000    5.819289005924944   -0.225771421247615
  -1.500000000000000    5.819289005924944   -0.225771421247615
  -0.500000000000000    5.819289005924944   -0.225771421247615
   0.500000000000000    5.819289005924944   -0.225771421247615
   1.500000000000000    5.819289005924944   -0.225771421247615
   2.500000000000000    5.819289005924944   -0.225771421247615
  -3.000000000000000   -5.680710994075056    0.481335359938932
  -2.000000000000000   -5.680710994075056    0.481335359938932
  -1.000000000000000   -5.680710994075056    0.481335359938932
   0.000000000000000   -5.680710994075056    0.481335359938932
   1.000000000000000   -5.680710994075056    0.481335359938932
   2.000000000000000   -5.680710994075056    0.481335359938932
   3.000000000000000   -5.680710994075056    0.481335359938932
  -4.000000000000000   -4.680710994075056    0.481335359938932
  -3.000000000000000   -4.680710994075056    0.481335359938932
  -2.000000000000000   -4.680710994075056    0.481335359938932
  -1.000000000000000   -4.680710994075056    0.481335359938932
   0.000000000000000   -4.680710994075056    0.481335359938932
   1.000000000000000   -4.680710994075056    0.481335359938932
   2.000000000000000   -4.680710994075056    0.481335359938932
   3.000000000000000   -4.680710994075056    0.481335359938932
   4.000000000000000   -4.680710994075056    0.481335359938932
  -5.000000000000000   -3.680710994075056    0.481335359938932
  -4.000000000000000   -3.680710994075056    0.481335359938932
  -3.000000000000000   -3.680710994075056    0.481335359938932
  -2.000000000000000   -3.680710994075056    0.481335359938932
  -1.000000000000000   -3.680710994075056    0.481335359938932
   0.000000000000000   -3.680710994075056    0.481335359938932
   1.000000000000000   -3.680710994075056    0.481335359938932
   2.000000000000000   -3.680710994075056    0.481335359938932
   3.000000000000000   -3.680710994075056    0.481335359938932
   4.000000000000000   -3.680710994075056    0.481335359938932
   5.000000000000000   -3.680710994075056    0.481335359938932
  -6.000000000000000   -2.680710994075056    0.481335359938932
  -5.000000000000000   -2.680710994075056    0.481335359938932
  -4.000000000000000   -2.680710994075056    0.481335359938932
  -3.000000000000000   -2.680710994075056    0.481335359938932
  -2.000000000000000   -2.680710994075056    0.481335359938932
  -1.000000000000000   -2.680710994075056    0.481335359938932
   0.000000000000000   -2.680710994075056    0.481335359938932
   1.000000000000000   -2.680710994075056    0.481335359938932
   2.000000000000000   -2.680710994075056    0.481335359938932
   3.000000000000000   -2.680710994075056    0.481335359938932
   4.000000000000000   -2.680710994075056    0.481335359938932
   5.000000000000000   -2.680710994075056    0.481335359938932
   6.000000000000000   -2.680710994075056    0.481335359938932
  -6.000000000000000   -1.680710994075056    0.481335359938932
  -5.000000000000000   -1.680710994075056    0.481335359938932
  -4.000000000000000   -1.680710994075056    0.481335359938932
  -3.000000000000000   -1.680710994075056    0.481335359938932
  -2.000000000000000   -1.680710994075056    0.481335359938932
  -1.000000000000000   -1.680710994075056    0.481335359938932
   0.000000000000000   -1.680710994075056    0.481335359938932
   1.000000000000000   -1.680710994075056    0.481335359938932
   2.000000000000000   -1.680710994075056    0.481335359938932
   3.000000000000000   -1.680710994075056    0.481335359938932
   4.000000000000000   -1.680710994075056    0.481335359938932
   5.000000000000000   -1.680710994075056    0.481335359938932
   6.000000000000000   -1.680710994075056    0.481335359938932
  -6.000000000000000   -0.680710994075056    0.481335359938932
  -5.000000000000000   -0.680710994075056    0.481335359938932
  -4.000000000000000   -0.680710994075056    0.481335359938932
  -3.000000000000000   -0.680710994075056    0.481335359938932
  -2.000000000000000   -0.680710994075056    0.481335359938932
  -1.000000000000000   -0.680710994075056    0.481335359938932
   0.000000000000000   -0.680710994075056    0.481335359938932
   1.000000000000000   -0.680710994075056    0.481335359938932
   2.000000000000000   -0.680710994075056    0.481335359938932
   3.000000000000000   -0.680710994075056    0.481335359938932
   4.000000000000000   -0.680710994075056    0.481335359938932
   5.000000000000000   -0.680710994075056    0.481335359938932
   6.000000000000000   -0.680710994075056    0.481335359938932
  -6.000000000000000    0.319289005924944    0.481335359938932
  -5.000000000000000    0.319289005924944    0.481335359938932
  -4.000000000000000    0.319289005924944    0.481335359938932
  -3.000000000000000    0.319289005924944    0.481335359938932
  -2.000000000000000    0.319289005924944    0.481335359938932
  -1.000000000000000    0.319289005924944    0.481335359938932
   0.000000000000000    0.319289005924944    0.481335359938932
   1.000000000000000    0.319289005924944    0.481335359938932
   2.000000000000000    0.319289005924944    0.481335359938932
   3.000000000000000    0.319289005924944    0.481335359938932
   4.000000000000000    0.319289005924944    0.481335359938932
   5.000000000000000    0.319289005924944    0.481335359938932
   6.000000000000000    0.319289005924944    0.481335359938932
  -6.000000000000000    1.319289005924944    0.481335359938932
  -5.000000000000000    1.319289005924944    0.481335359938932
  -4.000000000000000    1.319289005924944    0.481335359938932
  -3.000000000000000    1.319289005924944    0.481335359938932
  -2.000000000000000    1.319289005924944    0.481335359938932
  -1.000000000000000    1.319289005924944    0.481335359938932
   0.000000000000000    1.319289005924944    0.481335359938932
   1.000000000000000    1.319289005924944    0.481335359938932
   2.000000000000000    1.319289005924944    0.481335359938932
   3.000000000000000    1.319289005924944    0.481335359938932
   4.000000000000000    1.319289005924944    0.481335359938932
   5.000000000000000    1.319289005924944    0.481335359938932
   6.000000000000000    1.319289005924944    0.481335359938932
  -6.000000000000000    2.319289005924944    0.481335359938932
  -5.000000000000000    2.319289005924944    0.481335359938932
  -4.000000000000000    2.319289005924944    0.481335359938932
  -3.000000000000000    2.319289005924944    0.481335359938932
  -2.000000000000000    2.319289005924944    0.481335359938932
  -1.000000000000000    2.319289005924944    0.481335359938932
   0.000000000000000    2.319289005924944    0.481335359938932
   1.000000000000000    2.319289005924944    0.481335359938932
   2.000000000000000    2.319289005924944    0.481335359938932
   3.000000000000000    2.319289005924944    0.481335359938932
   4.000000000000000    2.319289005924944    0.481335359938932
   5.000000000000000    2.319289005924944    0.481335359938932
   6.000000000000000    2.319289005924944    0.481335359938932
  -5.000000000000000    3.319289005924944    0.481335359938932
  -4.000000000000000    3.319289005924944    0.481335359938932
  -3.000000000000000    3.319289005924944    0.481335359938932
  -2.000000000000000    3.319289005924944    0.481335359938932
  -1.000000000000000    3.319289005924944    0.481335359938932
   0.000000000000000    3.319289005924944    0.481335359938932
   1.000000000000000    3.319289005924944    0.481335359938932
   2.000000000000000    3.319289005924944    0.481335359938932
   3.000000000000000    3.319289005924944    0.481335359938932
   4.000000000000000    3.319289005924944    0.481335359938932
   5.000000000000000    3.319289005924944    0.481335359938932
  -4.000000000000000    4.319289005924944    0.481335359938932
  -3.000000000000000    4.319289005924944    0.481335359938932
  -2.000000000000000    4.319289005924944    0.481335359938932
  -1.000000000000000    4.319289005924944    0.481335359938932
   0.000000000000000    4.319289005924944    0.481335359938932
   1.000000000000000    4.319289005924944    0.481335359938932
   2.000000000000000    4.319289005924944    0.481335359938932
   3.000000000000000    4.319289005924944    0.481335359938932
   4.000000000000000    4.319289005924944    0.481335359938932
  -3.000000000000000    5.319289005924944    0.481335359938932
  -2.000000000000000    5.319289005924944    0.481335359938932
  -1.000000000000000    5.319289005924944    0.481335359938932
   0.000000000000000    5.319289005924944    0.481335359938932
   1.000000000000000    5.319289005924944    0.481335359938932
   2.000000000000000    5.319289005924944    0.481335359938932
   3.000000000000000    5.319289005924944    0.481335359938932
  -2.000000000000000    6.319289005924944    0.481335359938932
  -1.000000000000000    6.319289005924944    0.481335359938932
   0.000000000000000    6.319289005924944    0.481335359938932
   1.000000000000000    6.319289005924944    0.481335359938932
   2.000000000000000    6.319289005924944    0.481335359938932
  -3.500000000000000   -5.180710994075056    1.188442141125478
  -2.500000000000000   -5.180710994075056    1.188442141125478
  -1.500000000000000   -5.180710994075056    1.188442141125478
  -0.500000000000000   -5.180710994075056    1.188442141125478
   0.500000000000000   -5.180710994075056    1.188442141125478
   1.500000000000000   -5.180710994075056    1.188442141125478
   2.500000000000000   -5.180710994075056    1.188442141125478
   3.500000000000000   -5.180710994075056    1.188442141125478
  -4.500000000000000   -4.180710994075056    1.188442141125478
  -3.500000000000000   -4.180710994075056    1.188442141125478
  -2.500000000000000   -4.180710994075056    1.188442141125478
  -1.500000000000000   -4.180710994075056    1.188442141125478
  -0.500000000000000   -4.180710994075056    1.188442141125478
   0.500000000000000   -4.180710994075056    1.188442141125478
   1.500000000000000   -4.180710994075056    1.188442141125478
   2.500000000000000   -4.180710994075056    1.188442141125478
   3.500000000000000   -4.180710994075056    1.188442141125478
   4.500000000000000   -4.180710994075056    1.188442141125478
  -5.500000000000000   -3.180710994075056    1.188442141125478
  -4.500000000000000   -3.180710994075056    1.188442141125478
  -3.500000000000000   -3.180710994075056    1.188442141125478
  -2.500000000000000   -3.180710994075056    1.188442141125478
  -1.500000000000000   -3.180710994075056    1.188442141125478
  -0.500000000000000   -3.180710994075056    1.188442141125478
   0.500000000000000   -3.180710994075056    1.188442141125478
   1.500000000000000   -3.180710994075056    1.188442141125478
   2.500000000000000   -3.180710994075056    1.188442141125478
   3.500000000000000   -3.180710994075056    1.188442141125478
   4.500000000000000   -3.180710994075056    1.188442141125478
   5.500000000000000   -3.180710994075056    1.188442141125478
  -5.500000000000000   -2.180710994075056    1.188442141125478
  -4.500000000000000   -2.180710994075056    1.188442141125478
  -3.500000000000000   -2.180710994075056    1.188442141125478
  -2.500000000000000   -2.180710994075056    1.188442141125478
  -1.500000000000000   -2.180710994075056    1.188442141125478
  -0.500000000000000   -2.180710994075056    1.188442141125478
   0.500000000000000   -2.180710994075056    1.188442141125478
   1.500000000000000   -2.180710994075056    1.188442141125478
   2.500000000000000   -2.180710994075056    1.188442141125478
   3.500000000000000   -2.180710994075056    1.188442141125478
   4.500000000000000   -2.180710994075056    1.188442141125478
   5.500000000000000   -2.180710994075056    1.188442141125478
  -5.500000000000000   -1.180710994075056    1.188442141125478
  -4.500000000000000   -1.180710994075056    1.188442141125478
  -3.500000000000000   -1.180710994075056    1.188442141125478
  -2.500000000000000   -1.180710994075056    1.188442141125478
  -1.500000000000000   -1.180710994075056    1.188442141125478
  -0.500000000000000   -1.180710994075056    1.188442141125478
   0.500000000000000   -1.180710994075056    1.188442141125478
   1.500000000000000   -1.180710994075056    1.188442141125478
   2.500000000000000   -1.180710994075056    1.188442141125478
   3.500000000000000   -1.180710994075056    1.188442141125478
   4.500000000000000   -1.180710994075056    1.188442141125478
   5.500000000000000   -1.180710994075056    1.188442141125478
  -5.500000000000000   -0.180710994075056    1.188442141125478
  -4.500000000000000   -0.180710994075056    1.188442141125478
  -3.500000000000000   -0.180710994075056    1.188442141125478
  -2.500000000000000   -0.180710994075056    1.188442141125478
  -1.500000000000000   -0.180710994075056    1.188442141125478
  -0.500000000000000   -0.180710994075056    1.188442141125478
   0.500000000000000   -0.180710994075056    1.188442141125478
   1.500000000000000   -0.180710994075056    1.188442141125478
   2.500000000000000   -0.180710994075056    1.188442141125478
   3.500000000000000   -0.180710994075056    1.188442141125478
   4.500000000000000   -0.180710994075056    1.188442141125478
   5.500000000000000   -0.180710994075056    1.188442141125478
  -5.500000000000000    0.819289005924944    1.188442141125478
  -4.500000000000000    0.819289005924944    1.188442141125478
  -3.500000000000000    0.819289005924944    1.188442141125478
  -2.500000000000000    0.819289005924944    1.188442141125478
  -1.500000000000000    0.819289005924944    1.188442141125478
  -0.500000000000000    0.819289005924944    1.188442141125478
   0.500000000000000    0.819289005924944    1.188442141125478
   1.500000000000000    0.819289005924944    1.188442141125478
   2.500000000000000    0.819289005924944    1.188442141125478
   3.500000000000000    0.819289005924944    1.188442141125478
   4.500000000000000    0.819289005924944    1.188442141125478
   5.500000000000000    0.819289005924944    1.188442141125478
  -5.500000000000000    1.819289005924944    1.188442141125478
  -4.500000000000000    1.819289005924944    1.188442141125478
  -3.500000000000000    1.819289005924944    1.188442141125478
  -2.500000000000000    1.819289005924944    1.188442141125478
  -1.500000000000000    1.819289005924944    1.188442141125478
  -0.500000000000000    1.819289005924944    1.188442141125478
   0.500000000000000    1.819289005924944    1.188442141125478
   1.500000000000000    1.819289005924944    1.188442141125478
   2.500000000000000    1.819289005924944    1.188442141125478
   3.500000000000000    1.819289005924944    1.188442141125478
   4.500000000000000    1.819289005924944    1.188442141125478
   5.500000000000000    1.819289005924944    1.188442141125478
  -5.500000000000000    2.819289005924944    1.188442141125478
  -4.500000000000000    2.819289005924944    1.188442141125478
  -3.500000000000000    2.819289005924944    1.188442141125478
  -2.500000000000000    2.819289005924944    1.188442141125478
  -1.500000000000000    2.819289005924944    1.188442141125478
  -0.500000000000000    2.819289005924944    1.188442141125478
   0.500000000000000    2.819289005924944    1.188442141125478
   1.500000000000000    2.819289005924944    1.188442141125478
   2.500000000000000    2.819289005924944    1.188442141125478
   3.500000000000000    2.819289005924944    1.188442141125478
   4.500000000000000    2.819289005924944    1.188442141125478
   5.500000000000000    2.819289005924944    1.188442141125478
  -4.500000000000000    3.819289005924944    1.188442141125478
  -3.500000000000000    3.819289005924944    1.188442141125478
  -2.500000000000000    3.819289005924944    1.188442141125478
  -1.500000000000000    3.819289005924944    1.188442141125478
  -0.500000000000000    3.819289005924944    1.188442141125478
   0.500000000000000    3.819289005924944    1.188442141125478
   1.500000000000000    3.819289005924944    1.188442141125478
   2.500000000000000    3.819289005924944    1.188442141125478
   3.500000000000000    3.819289005924944    1.188442141125478
   4.500000000000000    3.819289005924944    1.188442141125478
  -3.500000000000000    4.819289005924944    1.188442141125478
  -2.500000000000000    4.819289005924944    1.188442141125478
  -1.500000000000000    4.819289005924944    1.188442141125478
  -0.500000000000000    4.819289005924944    1.188442141125478
   0.500000000000000    4.819289005924944    1.188442141125478
   1.500000000000000    4.819289005924944    1.188442141125478
   2.500000000000000    4.819289005924944    1.188442141125478
   3.500000000000000    4.819289005924944    1.188442141125478
  -2.500000000000000    5.819289005924944    1.188442141125478
  -1.500000000000000    5.819289005924944    1.188442141125478
  -0.500000000000000    5.819289005924944    1.188442141125478
   0.500000000000000    5.819289005924944    1.188442141125478
   1.500000000000000    5.819289005924944    1.188442141125478
   2.500000000000000    5.819289005924944    1.188442141125478
  -4.000000000000000   -4.680710994075056    1.895548922312024
  -3.000000000000000   -4.680710994075056    1.895548922312024
  -2.000000000000000   -4.680710994075056    1.895548922312024
  -1.000000000000000   -4.680710994075056    1.895548922312024
   0.000000000000000   -4.680710994075056    1.895548922312024
   1.000000000000000   -4.680710994075056    1.895548922312024
   2.000000000000000   -4.680710994075056    1.895548922312024
   3.000000000000000   -4.680710994075056    1.895548922312024
   4.000000000000000   -4.680710994075056    1.895548922312024
  -5.000000000000000   -3.680710994075056    1.895548922312024
  -4.000000000000000   -3.680710994075056    1.895548922312024
  -3.000000000000000   -3.680710994075056    1.895548922312024
  -2.000000000000000   -3.680710994075056    1.895548922312024
  -1.000000000000000   -3.680710994075056    1.895548922312024
   0.000000000000000   -3.680710994075056    1.895548922312024
   1.000000000000000   -3.680710994075056    1.895548922312024
   2.000000000000000   -3.680710994075056    1.895548922312024
   3.000000000000000   -3.680710994075056    1.895548922312024
   4.000000000000000   -3.680710994075056    1.895548922312024
   5.000000000000000   -3.680710994075056    1.895548922312024
  -5.000000000000000   -2.680710994075056    1.895548922312024
  -4.000000000000000   -2.680710994075056    1.895548922312024
  -3.000000000000000   -2.680710994075056    1.895548922312024
  -2.000000000000000   -2.680710994075056    1.895548922312024
  -1.000000000000000   -2.680710994075056    1.895548922312024
   0.000000000000000   -2.680710994075056    1.895548922312024
   1.000000000000000   -2.680710994075056    1.895548922312024
   2.000000000000000   -2.680710994075056    1.895548922312024
   3.000000000000000   -2.680710994075056    1.895548922312024
   4.000000000000000   -2.680710994075056    1.895548922312024
   5.000000000000000   -2.680710994075056    1.895548922312024
  -5.000000000000000   -1.680710994075056    1.895548922312024
  -4.000000000000000   -1.680710994075056    1.895548922312024
  -3.000000000000000   -1.680710994075056    1.895548922312024
  -2.000000000000000   -1.680710994075056    1.895548922312024
  -1.000000000000000   -1.680710994075056    1.895548922312024
   0.000000000000000   -1.680710994075056    1.895548922312024
   1.000000000000000   -1.680710994075056    1.895548922312024
   2.000000000000000   -1.680710994075056    1.895548922312024
   3.000000000000000   -1.680710994075056    1.895548922312024
   4.000000000000000   -1.680710994075056    1.895548922312024
   5.000000000000000   -1.680710994075056    1.895548922312024
  -5.000000000000000   -0.680710994075056    1.895548922312024
  -4.000000000000000   -0.680710994075056    1.895548922312024
  -3.000000000000000   -0.680710994075056    1.895548922312024
  -2.000000000000000   -0.680710994075056    1.895548922312024
  -1.000000000000000   -0.680710994075056    1.895548922312024
   0.000000000000000   -0.680710994075056    1.895548922312024
   1.000000000000000   -0.680710994075056    1.895548922312024
   2.000000000000000   -0.680710994075056    1.895548922312024
   3.000000000000000   -0.680710994075056    1.895548922312024
   4.000000000000000   -0.680710994075056    1.895548922312024
   5.000000000000000   -0.680710994075056    1.895548922312024
  -5.000000000000000    0.319289005924944    1.895548922312024
  -4.000000000000000    0.319289005924944    1.895548922312024
  -3.000000000000000    0.319289005924944    1.895548922312024
  -2.000000000000000    0.319289005924944    1.895548922312024
  -1.000000000000000    0.319289005924944    1.895548922312024
   0.000000000000000    0.319289005924944    1.895548922312024
   1.000000000000000    0.319289005924944    1.895548922312024
   2.000000000000000    0.319289005924944    1.895548922312024
   3.000000000000000    0.319289005924944    1.895548922312024
   4.000000000000000    0.319289005924944    1.895548922312024
   5.000000000000000    0.319289005924944    1.895548922312024
  -5.000000000000000    1.319289005924944    1.895548922312024
  -4.000000000000000    1.319289005924944    1.895548922312024
  -3.000000000000000    1.319289005924944    1.895548922312024
  -2.000000000000000    1.319289005924944    1.895548922312024
  -1.000000000000000    1.319289005924944    1.895548922312024
   0.000000000000000    1.319289005924944    1.895548922312024
   1.000000000000000    1.319289005924944    1.895548922312024
   2.000000000000000    1.319289005924944    1.895548922312024
   3.000000000000000    1.319289005924944    1.895548922312024
   4.000000000000000    1.319289005924944    1.895548922312024
   5.000000000000000    1.319289005924944    1.895548922312024
  -5.000000000000000    2.319289005924944    1.895548922312024
  -4.000000000000000    2.319289005924944    1.895548922312024
  -3.000000000000000    2.319289005924944    1.895548922312024
  -2.000000000000000    2.319289005924944    1.895548922312024
  -1.000000000000000    2.319289005924944    1.895548922312024
   0.000000000000000    2.319289005924944    1.895548922312024
   1.000000000000000    2.319289005924944    1.895548922312024
   2.000000000000000    2.319289005924944    1.895548922312024
   3.000000000000000    2.319289005924944    1.895548922312024
   4.000000000000000    2.319289005924944    1.895548922312024
   5.000000000000000    2.319289005924944    1.895548922312024
  -5.000000000000000    3.319289005924944    1.895548922312024
  -4.000000000000000    3.319289005924944    1.895548922312024
  -3.000000000000000    3.319289005924944    1.895548922312024
  -2.000000000000000    3.319289005924944    1.895548922312024
  -1.000000000000000    3.319289005924944    1.895548922312024
   0.000000000000000    3.319289005924944    1.895548922312024
   1.000000000000000    3.319289005924944    1.895548922312024
   2.000000000000000    3.319289005924944    1.895548922312024
   3.000000000000000    3.319289005924944    1.895548922312024
   4.000000000000000    3.319289005924944    1.895548922312024
   5.000000000000000    3.319289005924944    1.895548922312024
  -4.000000000000000    4.319289005924944    1.895548922312024
  -3.000000000000000    4.319289005924944    1.895548922312024
  -2.000000000000000    4.319289005924944    1.895548922312024
  -1.000000000000000    4.319289005924944    1.895548922312024
   0.000000000000000    4.319289005924944    1.895548922312024
   1.000000000000000    4.319289005924944    1.895548922312024
   2.000000000000000    4.319289005924944    1.895548922312024
   3.000000000000000    4.319289005924944    1.895548922312024
   4.000000000000000    4.319289005924944    1.895548922312024
  -3.000000000000000    5.319289005924944    1.895548922312024
  -2.000000000000000    5.319289005924944    1.895548922312024
  -1.000000000000000    5.319289005924944    1.895548922312024
   0.000000000000000    5.319289005924944    1.895548922312024
   1.000000000000000    5.319289005924944    1.895548922312024
   2.000000000000000    5.319289005924944    1.895548922312024
   3.000000000000000    5.319289005924944    1.895548922312024
  -4.500000000000000   -4.180710994075056    2.602655703498577
  -3.500000000000000   -4.180710994075056    2.602655703498577
  -2.500000000000000   -4.180710994075056    2.602655703498577
  -1.500000000000000   -4.180710994075056    2.602655703498577
  -0.500000000000000   -4.180710994075056    2.602655703498577
   0.500000000000000   -4.180710994075056    2.602655703498577
   1.500000000000000   -4.180710994075056    2.602655703498577
   2.500000000000000   -4.180710994075056    2.602655703498577
   3.500000000000000   -4.180710994075056    2.602655703498577
   4.500000000000000   -4.180710994075056    2.602655703498577
  -4.500000000000000   -3.180710994075056    2.602655703498577
  -3.500000000000000   -3.180710994075056    2.602655703498577
  -2.500000000000000   -3.180710994075056    2.602655703498577
  -1.500000000000000   -3.180710994075056    2.602655703498577
  -0.500000000000000   -3.180710994075056    2.602655703498577
   0.500000000000000   -3.180710994075056    2.602655703498577
   1.500000000000000   -3.180710994075056    2.602655703498577
   2.500000000000000   -3.180710994075056    2.602655703498577
   3.500000000000000   -3.180710994075056    2.602655703498577
   4.500000000000000   -3.180710994075056    2.602655703498577
  -4.500000000000000   -2.180710994075056    2.602655703498577
  -3.500000000000000   -2.180710994075056    2.602655703498577
  -2.500000000000000   -2.180710994075056    2.602655703498577
  -1.500000000000000   -2.180710994075056    2.602655703498577
  -0.500000000000000   -2.180710994075056    2.602655703498577
   0.500000000000000   -2.180710994075056    2.602655703498577
   1.500000000000000   -2.180710994075056    2.602655703498577
   2.500000000000000   -2.180710994075056    2.602655703498577
   3.500000000000000   -2.180710994075056    2.602655703498577
   4.500000000000000   -2.180710994075056    2.602655703498577
  -4.500000000000000   -1.180710994075056    2.602655703498577
  -3.500000000000000   -1.180710994075056    2.602655703498577
  -2.500000000000000   -1.180710994075056    2.602655703498577
  -1.500000000000000   -1.180710994075056    2.602655703498577
  -0.500000000000000   -1.180710994075056    2.602655703498577
   0.500000000000000   -1.180710994075056    2.602655703498577
   1.500000000000000   -1.180710994075056    2.602655703498577
   2.500000000000000   -1.180710994075056    2.602655703498577
   3.500000000000000   -1.180710994075056    2.602655703498577
   4.500000000000000   -1.180710994075056    2.602655703498577
  -4.500000000000000   -0.180710994075056    2.602655703498577
  -3.500000000000000   -0.180710994075056    2.602655703498577
  -2.500000000000000   -0.180710994075056    2.602655703498577
  -1.500000000000000   -0.180710994075056    2.602655703498577
  -0.500000000000000   -0.180710994075056    2.602655703498577
   0.500000000000000   -0.180710994075056    2.602655703498577
   1.500000000000000   -0.180710994075056    2.602655703498577
   2.500000000000000   -0.180710994075056    2.602655703498577
   3.500000000000000   -0.180710994075056    2.602655703498577
   4.500000000000000   -0.180710994075056    2.602655703498577
  -4.500000000000000    0.819289005924944    2.602655703498577
  -3.500000000000000    0.819289005924944    2.602655703498577
  -2.500000000000000    0.819289005924944    2.602655703498577
  -1.500000000000000    0.819289005924944    2.602655703498577
  -0.500000000000000    0.819289005924944    2.602655703498577
   0.500000000000000    0.819289005924944    2.602655703498577
   1.500000000000000    0.819289005924944    2.602655703498577
   2.500000000000000    0.819289005924944    2.602655703498577
   3.500000000000000    0.819289005924944    2.602655703498577
   4.500000000000000    0.819289005924944    2.602655703498577
  -4.500000000000000    1.819289005924944    2.602655703498577
  -3.500000000000000    1.819289005924944    2.602655703498577
  -2.500000000000000    1.819289005924944    2.602655703498577
  -1.500000000000000    1.819289005924944    2.602655703498577
  -0.500000000000000    1.819289005924944    2.602655703498577
   0.500000000000000    1.819289005924944    2.602655703498577
   1.500000000000000    1.819289005924944    2.602655703498577
   2.500000000000000    1.819289005924944    2.602655703498577
   3.500000000000000    1.819289005924944    2.602655703498577
   4.500000000000000    1.819289005924944    2.602655703498577
  -4.500000000000000    2.819289005924944    2.602655703498577
  -3.500000000000000    2.819289005924944    2.602655703498577
  -2.500000000000000    2.819289005924944    2.602655703498577
  -1.500000000000000    2.819289005924944    2.602655703498577
  -0.500000000000000    2.819289005924944    2.602655703498577
   0.500000000000000    2.819289005924944    2.602655703498577
   1.500000000000000    2.819289005924944    2.602655703498577
   2.500000000000000    2.819289005924944    2.602655703498577
   3.500000000000000    2.819289005924944    2.602655703498577
   4.500000000000000    2.819289005924944    2.602655703498577
  -4.500000000000000    3.819289005924944    2.602655703498577
  -3.500000000000000    3.819289005924944    2.602655703498577
  -2.500000000000000    3.819289005924944    2.602655703498577
  -1.500000000000000    3.819289005924944    2.602655703498577
  -0.500000000000000    3.819289005924944    2.602655703498577
   0.500000000000000    3.819289005924944    2.602655703498577
   1.500000000000000    3.819289005924944    2.602655703498577
   2.500000000000000    3.819289005924944    2.602655703498577
   3.500000000000000    3.819289005924944    2.602655703498577
   4.500000000000000    3.819289005924944    2.602655703498577
  -3.500000000000000    4.819289005924944    2.602655703498577
  -2.500000000000000    4.819289005924944    2.602655703498577
  -1.500000000000000    4.819289005924944    2.602655703498577
  -0.500000000000000    4.819289005924944    2.602655703498577
   0.500000000000000    4.819289005924944    2.602655703498577
   1.500000000000000    4.819289005924944    2.602655703498577
   2.500000000000000    4.819289005924944    2.602655703498577
   3.500000000000000    4.819289005924944    2.602655703498577
  -4.000000000000000   -3.680710994075056    3.309762484685123
  -3.000000000000000   -3.680710994075056    3.309762484685123
  -2.000000000000000   -3.680710994075056    3.309762484685123
  -1.000000000000000   -3.680710994075056    3.309762484685123
   0.000000000000000   -3.680710994075056    3.309762484685123
   1.000000000000000   -3.680710994075056    3.309762484685123
   2.000000000000000   -3.680710994075056    3.309762484685123
   3.000000000000000   -3.680710994075056    3.309762484685123
   4.000000000000000   -3.680710994075056    3.309762484685123
  -4.000000000000000   -2.680710994075056    3.309762484685123
  -3.000000000000000   -2.680710994075056    3.309762484685123
  -2.000000000000000   -2.680710994075056    3.309762484685123
  -1.000000000000000   -2.680710994075056    3.309762484685123
   0.000000000000000   -2.680710994075056    3.309762484685123
   1.000000000000000   -2.680710994075056    3.309762484685123
   2.000000000000000   -2.680710994075056    3.309762484685123
   3.000000000000000   -2.680710994075056    3.309762484685123
   4.000000000000000   -2.680710994075056    3.309762484685123
  -4.000000000000000   -1.680710994075056    3.309762484685123
  -3.000000000000000   -1.680710994075056    3.309762484685123
  -2.000000000000000   -1.680710994075056    3.309762484685123
  -1.000000000000000   -1.680710994075056    3.309762484685123
   0.000000000000000   -1.680710994075056    3.309762484685123
   1.000000000000000   -1.680710994075056    3.309762484685123
   2.000000000000000   -1.680710994075056    3.309762484685123
   3.000000000000000   -1.680710994075056    3.309762484685123
   4.000000000000000   -1.680710994075056    3.309762484685123
  -4.000000000000000   -0.680710994075056    3.309762484685123
  -3.000000000000000   -0.680710994075056    3.309762484685123
  -2.000000000000000   -0.680710994075056    3.309762484685123
  -1.000000000000000   -0.680710994075056    3.309762484685123
   0.000000000000000   -0.680710994075056    3.309762484685123
   1.000000000000000   -0.680710994075056    3.309762484685123
   2.000000000000000   -0.680710994075056    3.309762484685123
   3.000000000000000   -0.680710994075056    3.309762484685123
   4.000000000000000   -0.680710994075056    3.309762484685123
  -4.000000000000000    0.319289005924944    3.309762484685123
  -3.000000000000000    0.319289005924944    3.309762484685123
  -2.000000000000000    0.319289005924944    3.309762484685123
  -1.000000000000000    0.319289005924944    3.309762484685123
   0.000000000000000    0.319289005924944    3.309762484685123
   1.000000000000000    0.319289005924944    3.309762484685123
   2.000000000000000    0.319289005924944    3.309762484685123
   3.000000000000000    0.319289005924944    3.309762484685123
   4.000000000000000    0.319289005924944    3.309762484685123
  -4.000000000000000    1.319289005924944    3.309762484685123
  -3.000000000000000    1.319289005924944    3.309762484685123
  -2.000000000000000    1.319289005924944    3.309762484685123
  -1.000000000000000    1.319289005924944    3.309762484685123
   0.000000000000000    1.319289005924944    3.309762484685123
   1.000000000000000    1.319289005924944    3.309762484685123
   2.000000000000000    1.319289005924944    3.309762484685123
   3.000000000000000    1.319289005924944    3.309762484685123
   4.000000000000000    1.319289005924944    3.309762484685123
  -4.000000000000000    2.319289005924944    3.309762484685123
  -3.000000000000000    2.319289005924944    3.309762484685123
  -2.000000000000000    2.319289005924944    3.309762484685123
  -1.000000000000000    2.319289005924944    3.309762484685123
   0.000000000000000    2.319289005924944    3.309762484685123
   1.000000000000000    2.319289005924944    3.309762484685123
   2.000000000000000    2.319289005924944    3.309762484685123
   3.000000000000000    2.319289005924944    3.309762484685123
   4.000000000000000    2.319289005924944    3.309762484685123
  -4.000000000000000    3.319289005924944    3.309762484685123
  -3.000000000000000    3.319289005924944    3.309762484685123
  -2.000000000000000    3.319289005924944    3.309762484685123
  -1.000000000000000    3.319289005924944    3.309762484685123
   0.000000000000000    3.319289005924944    3.309762484685123
   1.000000000000000    3.319289005924944    3.309762484685123
   2.000000000000000    3.319289005924944    3.309762484685123
   3.000000000000000    3.319289005924944    3.309762484685123
   4.000000000000000    3.319289005924944    3.309762484685123
  -4.000000000000000    4.319289005924944    3.309762484685123
  -3.000000000000000    4.319289005924944    3.309762484685123
  -2.000000000000000    4.319289005924944    3.309762484685123
  -1.000000000000000    4.319289005924944    3.309762484685123
   0.000000000000000    4.319289005924944    3.309762484685123
   1.000000000000000    4.319289005924944    3.309762484685123
   2.000000000000000    4.319289005924944    3.309762484685123
   3.000000000000000    4.319289005924944    3.309762484685123
   4.000000000000000    4.319289005924944    3.309762484685123
  -3.500000000000000   -3.180710994075056    4.016869265871669
  -2.500000000000000   -3.180710994075056    4.016869265871669
  -1.500000000000000   -3.180710994075056    4.016869265871669
  -0.500000000000000   -3.180710994075056    4.016869265871669
   0.500000000000000   -3.180710994075056    4.016869265871669
   1.500000000000000   -3.180710994075056    4.016869265871669
   2.500000000000000   -3.180710994075056    4.016869265871669
   3.500000000000000   -3.180710994075056    4.016869265871669
  -3.500000000000000   -2.180710994075056    4.016869265871669
  -2.500000000000000   -2.180710994075056    4.016869265871669
  -1.500000000000000   -2.180710994075056    4.016869265871669
  -0.500000000000000   -2.180710994075056    4.016869265871669
   0.500000000000000   -2.180710994075056    4.016869265871669
   1.500000000000000   -2.180710994075056    4.016869265871669
   2.500000000000000   -2.180710994075056    4.016869265871669
   3.500000000000000   -2.180710994075056    4.016869265871669
  -3.500000000000000   -1.180710994075056    4.016869265871669
  -2.500000000000000   -1.180710994075056    4.016869265871669
  -1.500000000000000   -1.180710994075056    4.016869265871669
  -0.500000000000000   -1.180710994075056    4.016869265871669
   0.500000000000000   -1.180710994075056    4.016869265871669
   1.500000000000000   -1.180710994075056    4.016869265871669
   2.500000000000000   -1.180710994075056    4.016869265871669
   3.500000000000000   -1.180710994075056    4.016869265871669
  -3.500000000000000   -0.180710994075056    4.016869265871669
  -2.500000000000000   -0.180710994075056    4.016869265871669
  -1.500000000000000   -0.180710994075056    4.016869265871669
  -0.500000000000000   -0.180710994075056    4.016869265871669
   0.500000000000000   -0.180710994075056    4.016869265871669
   1.500000000000000   -0.180710994075056    4.016869265871669
   2.500000000000000   -0.180710994075056    4.016869265871669
   3.500000000000000   -0.180710994075056    4.016869265871669
  -3.500000000000000    0.819289005924944    4.016869265871669
  -2.500000000000000    0.819289005924944    4.016869265871669
  -1.500000000000000    0.819289005924944    4.016869265871669
  -0.500000000000000    0.819289005924944    4.016869265871669
   0.500000000000000    0.819289005924944    4.016869265871669
   1.500000000000000    0.819289005924944    4.016869265871669
   2.500000000000000    0.819289005924944    4.016869265871669
   3.500000000000000    0.819289005924944    4.016869265871669
  -3.500000000000000    1.819289005924944    4.016869265871669
  -2.500000000000000    1.819289005924944    4.016869265871669
  -1.500000000000000    1.819289005924944    4.016869265871669
  -0.500000000000000    1.819289005924944    4.016869265871669
   0.500000000000000    1.819289005924944    4.016869265871669
   1.500000000000000    1.819289005924944    4.016869265871669
   2.500000000000000    1.819289005924944    4.016869265871669
   3.500000000000000    1.819289005924944    4.016869265871669
  -3.500000000000000    2.819289005924944    4.016869265871669
  -2.500000000000000    2.819289005924944    4.016869265871669
  -1.500000000000000    2.819289005924944    4.016869265871669
  -0.500000000000000    2.819289005924944    4.016869265871669
   0.500000000000000    2.819289005924944    4.016869265871669
   1.500000000000000    2.819289005924944    4.016869265871669
   2.500000000000000    2.819289005924944    4.016869265871669
   3.500000000000000    2.819289005924944    4.016869265871669
  -3.500000000000000    3.819289005924944    4.016869265871669
  -2.500000000000000    3.819289005924944    4.016869265871669
  -1.500000000000000    3.819289005924944    4.016869265871669
  -0.500000000000000    3.819289005924944    4.016869265871669
   0.500000000000000    3.819289005924944    4.016869265871669
   1.500000000000000    3.819289005924944    4.016869265871669
   2.500000000000000    3.819289005924944    4.016869265871669
   3.500000000000000    3.819289005924944    4.016869265871669
  -3.000000000000000   -2.680710994075056    4.723976047058215
  -2.000000000000000   -2.680710994075056    4.723976047058215
  -1.000000000000000   -2.680710994075056    4.723976047058215
   0.000000000000000   -2.680710994075056    4.723976047058215
   1.000000000000000   -2.680710994075056    4.723976047058215
   2.000000000000000   -2.680710994075056    4.723976047058215
   3.000000000000000   -2.680710994075056    4.723976047058215
  -3.000000000000000   -1.680710994075056    4.723976047058215
  -2.000000000000000   -1.680710994075056    4.723976047058215
  -1.000000000000000   -1.680710994075056    4.723976047058215
   0.000000000000000   -1.680710994075056    4.723976047058215
   1.000000000000000   -1.680710994075056    4.723976047058215
   2.000000000000000   -1.680710994075056    4.723976047058215
   3.000000000000000   -1.680710994075056    4.723976047058215
  -3.000000000000000   -0.680710994075056    4.723976047058215
  -2.000000000000000   -0.680710994075056    4.723976047058215
  -1.000000000000000   -0.680710994075056    4.723976047058215
   0.000000000000000   -0.680710994075056    4.723976047058215
   1.000000000000000   -0.680710994075056    4.723976047058215
   2.000000000000000   -0.680710994075056    4.723976047058215
   3.000000000000000   -0.680710994075056    4.723976047058215
  -3.000000000000000    0.319289005924944    4.723976047058215
  -2.000000000000000    0.319289005924944    4.723976047058215
  -1.000000000000000    0.319289005924944    4.723976047058215
   0.000000000000000    0.319289005924944    4.723976047058215
   1.000000000000000    0.319289005924944    4.723976047058215
   2.000000000000000    0.319289005924944    4.723976047058215
   3.000000000000000    0.319289005924944    4.723976047058215
  -3.000000000000000    1.319289005924944    4.723976047058215
  -2.000000000000000    1.319289005924944    4.723976047058215
  -1.000000000000000    1.319289005924944    4.723976047058215
   0.000000000000000    1.319289005924944    4.723976047058215
   1.000000000000000    1.319289005924944    4.723976047058215
   2.000000000000000    1.319289005924944    4.723976047058215
   3.000000000000000    1.319289005924944    4.723976047058215
  -3.000000000000000    2.319289005924944    4.723976047058215
  -2.000000000000000    2.319289005924944    4.723976047058215
  -1.000000000000000    2.319289005924944    4.723976047058215
   0.000000000000000    2.319289005924944    4.723976047058215
   1.000000000000000    2.319289005924944    4.723976047058215
   2.000000000000000    2.319289005924944    4.723976047058215
   3.000000000000000    2.319289005924944    4.723976047058215
  -3.000000000000000    3.319289005924944    4.723976047058215
  -2.000000000000000    3.319289005924944    4.723976047058215
  -1.000000000000000    3.319289005924944    4.723976047058215
   0.000000000000000    3.319289005924944    4.723976047058215
   1.000000000000000    3.319289005924944    4.723976047058215
   2.000000000000000    3.319289005924944    4.723976047058215
   3.000000000000000    3.319289005924944    4.723976047058215
  -2.500000000000000   -2.180710994075056    5.431082828244762
  -1.500000000000000   -2.180710994075056    5.431082828244762
  -0.500000000000000   -2.180710994075056    5.431082828244762
   0.500000000000000   -2.180710994075056    5.431082828244762
   1.500000000000000   -2.180710994075056    5.431082828244762
   2.500000000000000   -2.180710994075056    5.431082828244762
  -2.500000000000000   -1.180710994075056    5.431082828244762
  -1.500000000000000   -1.180710994075056    5.431082828244762
  -0.500000000000000   -1.180710994075056    5.431082828244762
   0.500000000000000   -1.180710994075056    5.431082828244762
   1.500000000000000   -1.180710994075056    5.431082828244762
   2.500000000000000   -1.180710994075056    5.431082828244762
  -2.500000000000000   -0.180710994075056    5.431082828244762
  -1.500000000000000   -0.180710994075056    5.431082828244762
  -0.500000000000000   -0.180710994075056    5.431082828244762
   0.500000000000000   -0.180710994075056    5.431082828244762
   1.500000000000000   -0.180710994075056    5.431082828244762
   2.500000000000000   -0.180710994075056    5.431082828244762
  -2.500000000000000    0.819289005924944    5.431082828244762
  -1.500000000000000    0.819289005924944    5.431082828244762
  -0.500000000000000    0.819289005924944    5.431082828244762
   0.500000000000000    0.819289005924944    5.431082828244762
   1.500000000000000    0.819289005924944    5.431082828244762
   2.500000000000000    0.819289005924944    5.431082828244762
  -2.500000000000000    1.819289005924944    5.431082828244762
  -1.500000000000000    1.819289005924944    5.431082828244762
  -0.500000000000000    1.819289005924944    5.431082828244762
   0.500000000000000    1.819289005924944    5.431082828244762
   1.500000000000000    1.819289005924944    5.431082828244762
   2.500000000000000    1.819289005924944    5.431082828244762
  -2.500000000000000    2.819289005924944    5.431082828244762
  -1.500000000000000    2.819289005924944    5.431082828244762
  -0.500000000000000    2.819289005924944    5.431082828244762
   0.500000000000000    2.819289005924944    5.431082828244762
   1.500000000000000    2.819289005924944    5.431082828244762
   2.500000000000000    2.819289005924944    5.431082828244762
  -2.000000000000000   -1.680710994075056    6.138189609431315
  -1.000000000000000   -1.680710994075056    6.138189609431315
   0.000000000000000   -1.680710994075056    6.138189609431315
   1.000000000000000   -1.680710994075056    6.138189609431315
   2.000000000000000   -1.680710994075056    6.138189609431315
  -2.000000000000000   -0.680710994075056    6.138189609431315
  -1.000000000000000   -0.680710994075056    6.138189609431315
   0.000000000000000   -0.680710994075056    6.138189609431315
   1.000000000000000   -0.680710994075056    6.138189609431315
   2.000000000000000   -0.680710994075056    6.138189609431315
  -2.000000000000000    0.319289005924944    6.138189609431315
  -1.000000000000000    0.319289005924944    6.138189609431315
   0.000000000000000    0.319289005924944    6.138189609431315
   1.000000000000000    0.319289005924944    6.138189609431315
   2.000000000000000    0.319289005924944    6.138189609431315
  -2.000000000000000    1.319289005924944    6.138189609431315
  -1.000000000000000    1.319289005924944    6.138189609431315
   0.000000000000000    1.319289005924944    6.138189609431315
   1.000000000000000    1.319289005924944    6.138189609431315
   2.000000000000000    1.319289005924944    6.138189609431315
  -2.000000000000000    2.319289005924944    6.138189609431315
  -1.000000000000000    2.319289005924944    6.138189609431315
   0.000000000000000    2.319289005924944    6.138189609431315
   1.000000000000000    2.319289005924944    6.138189609431315
   2.000000000000000    2.319289005924944    6.138189609431315
