# N = 1580, version = 1
# 100 facet sizes: [30, 30, 30, 30, 30, 30]
# 111 facet sizes: [61, 75, 61, 75, 75, 61, 75, 61]
# 100 hollow sites: [20, 20, 20, 20, 20, 20]
# 111 hollow sites: [48, 60, 48, 60, 60, 48, 60, 48]
# edges: [6, 5, 6, 5, 5, 6, 5, 6, 5, 6, 5, 6, 6, 5, 6, 5, 6, 5, 6, 5, 6, 5, 6, 5, 5, 5, 5, 5, 5, 5, 5, 5, 5, 5, 5, 5]
# x,          y,          z
  -2.500000000000000   -2.000000000000000   -6.010407640085418
  -1.500000000000000   -2.000000000000000   -6.010407640085418
  -0.500000000000000   -2.000000000000000   -6.010407640085418
   0.500000000000000   -2.000000000000000   -6.010407640085418
   1.500000000000000   -2.000000000000000   -6.010407640085418
   2.500000000000000   -2.000000000000000   -6.010407640085418
  -2.500000000000000   -1.000000000000000   -6.010407640085418
  -1.500000000000000   -1.000000000000000   -6.010407640085418
  -0.500000000000000   -1.000000000000000   -6.010407640085418
   0.500000000000000   -1.000000000000000   -6.010407640085418
   1.500000000000000   -1.000000000000000   -6.010407640085418
   2.500000000000000   -1.000000000000000   -6.010407640085418
  -2.500000000000000    0.000000000000000   -6.010407640085418
  -1.500000000000000    0.000000000000000   -6.010407640085418
  -0.500000000000000    0.000000000000000   -6.010407640085418
   0.500000000000000    0.000000000000000   -6.010407640085418
   1.500000000000000    0.000000000000000   -6.010407640085418
   2.500000000000000    0.000000000000000   -6.010407640085418
  -2.500000000000000    1.000000000000000   -6.010407640085418
  -1.500000000000000    1.000000000000000   -6.010407640085418
  -0.500000000000000    1.000000000000000   -6.010407640085418
   0.500000000000000    1.000000000000000   -6.010407640085418
   1.500000000000000    1.000000000000000   -6.010407640085418
   2.500000000000000    1.000000000000000   -6.010407640085418
  -2.500000000000000    2.000000000000000   -6.010407640085418
  -1.500000000000000    2.000000000000000   -6.010407640085418
  -0.500000000000000    2.000000000000000   -6.010407640085418
   0.500000000000000    2.000000000000000   -6.010407640085418
   1.500000000000000    2.000000000000000   -6.010407640085418
   2.500000000000000    2.000000000000000   -6.010407640085418
  -3.000000000000000   -2.500000000000000   -5.303300858898865
  -2.000000000000000   -2.500000000000000   -5.303300858898865
  -1.000000000000000   -2.500000000000000   -5.303300858898865
   0.000000000000000   -2.500000000000000   -5.303300858898865
   1.000000000000000   -2.500000000000000   -5.303300858898865
   2.000000000000000   -2.500000000000000   -5.303300858898865
   3.000000000000000   -2.500000000000000   -5.303300858898865
  -3.000000000000000   -1.500000000000000   -5.303300858898865
  -2.000000000000000   -1.500000000000000   -5.303300858898865
  -1.000000000000000   -1.500000000000000   -5.303300858898865
   0.000000000000000   -1.500000000000000   -5.303300858898865
   1.000000000000000   -1.500000000000000   -5.303300858898865
   2.000000000000000   -1.500000000000000   -5.303300858898865
   3.000000000000000   -1.500000000000000   -5.303300858898865
  -3.000000000000000   -0.500000000000000   -5.303300858898865
  -2.000000000000000   -0.500000000000000   -5.303300858898865
  -1.000000000000000   -0.500000000000000   -5.303300858898865
   0.000000000000000   -0.500000000000000   -5.303300858898865
   1.000000000000000   -0.500000000000000   -5.303300858898865
   2.000000000000000   -0.500000000000000   -5.303300858898865
   3.000000000000000   -0.500000000000000   -5.303300858898865
  -3.000000000000000    0.500000000000000   -5.303300858898865
  -2.000000000000000    0.500000000000000   -5.303300858898865
  -1.000000000000000    0.500000000000000   -5.303300858898865
   0.000000000000000    0.500000000000000   -5.303300858898865
   1.000000000000000    0.500000000000000   -5.303300858898865
   2.000000000000000    0.500000000000000   -5.303300858898865
   3.000000000000000    0.500000000000000   -5.303300858898865
  -3.000000000000000    1.500000000000000   -5.303300858898865
  -2.000000000000000    1.500000000000000   -5.303300858898865
  -1.000000000000000    1.500000000000000   -5.303300858898865
   0.000000000000000    1.500000000000000   -5.303300858898865
   1.000000000000000    1.500000000000000   -5.303300858898865
   2.000000000000000    1.500000000000000   -5.303300858898865
   3.000000000000000    1.500000000000000   -5.303300858898865
  -3.000000000000000    2.500000000000000   -5.303300858898865
  -2.000000000000000    2.500000000000000   -5.303300858898865
  -1.000000000000000    2.500000000000000   -5.303300858898865
   0.000000000000000    2.500000000000000   -5.303300858898865
   1.000000000000000    2.500000000000000   -5.303300858898865
   2.000000000000000    2.500000000000000   -5.303300858898865
   3.000000000000000    2.500000000000000   -5.303300858898865
  -3.500000000000000   -3.000000000000000   -4.596194077712319
  -2.500000000000000   -3.000000000000000   -4.596194077712319
  -1.500000000000000   -3.000000000000000   -4.596194077712319
  -0.500000000000000   -3.000000000000000   -4.596194077712319
   0.500000000000000   -3.000000000000000   -4.596194077712319
   1.500000000000000   -3.000000000000000   -4.596194077712319
   2.500000000000000   -3.000000000000000   -4.596194077712319
   3.500000000000000   -3.000000000000000   -4.596194077712319
  -3.500000000000000   -2.000000000000000   -4.596194077712319
  -2.500000000000000   -2.000000000000000   -4.596194077712319
  -1.500000000000000   -2.000000000000000   -4.596194077712319
  -0.500000000000000   -2.000000000000000   -4.596194077712319
   0.500000000000000   -2.000000000000000   -4.596194077712319
   1.500000000000000   -2.000000000000000   -4.596194077712319
   2.500000000000000   -2.000000000000000   -4.596194077712319
   3.500000000000000   -2.000000000000000   -4.596194077712319
  -3.500000000000000   -1.000000000000000   -4.596194077712319
  -2.500000000000000   -1.000000000000000   -4.596194077712319
  -1.500000000000000   -1.000000000000000   -4.596194077712319
  -0.500000000000000   -1.000000000000000   -4.596194077712319
   0.500000000000000   -1.000000000000000   -4.596194077712319
   1.500000000000000   -1.000000000000000   -4.596194077712319
   2.500000000000000   -1.000000000000000   -4.596194077712319
   3.500000000000000   -1.000000000000000   -4.596194077712319
  -3.500000000000000    0.000000000000000   -4.596194077712319
  -2.500000000000000    0.000000000000000   -4.596194077712319
  -1.500000000000000    0.000000000000000   -4.596194077712319
  -0.500000000000000    0.000000000000000   -4.596194077712319
   0.500000000000000    0.000000000000000   -4.596194077712319
   1.500000000000000    0.000000000000000   -4.596194077712319
   2.500000000000000    0.000000000000000   -4.596194077712319
   3.500000000000000    0.000000000000000   -4.596194077712319
  -3.500000000000000    1.000000000000000   -4.596194077712319
  -2.500000000000000    1.000000000000000   -4.596194077712319
  -1.500000000000000    1.000000000000000   -4.596194077712319
  -0.500000000000000    1.000000000000000   -4.596194077712319
   0.500000000000000    1.000000000000000   -4.596194077712319
   1.500000000000000    1.000000000000000   -4.596194077712319
   2.500000000000000    1.000000000000000   -4.596194077712319
   3.500000000000000    1.000000000000000   -4.596194077712319
  -3.500000000000000    2.000000000000000   -4.596194077712319
  -2.500000000000000    2.000000000000000   -4.596194077712319
  -1.500000000000000    2.000000000000000   -4.596194077712319
  -0.500000000000000    2.000000000000000   -4.596194077712319
   0.500000000000000    2.000000000000000   -4.596194077712319
   1.500000000000000    2.000000000000000   -4.596194077712319
   2.500000000000000    2.000000000000000   -4.596194077712319
   3.500000000000000    2.000000000000000   -4.596194077712319
  -3.500000000000000    3.000000000000000   -4.596194077712319
  -2.500000000000000    3.000000000000000   -4.596194077712319
  -1.500000000000000    3.000000000000000   -4.596194077712319
  -0.500000000000000    3.000000000000000   -4.596194077712319
   0.500000000000000    3.000000000000000   -4.596194077712319
   1.500000000000000    3.000000000000000   -4.596194077712319
   2.500000000000000    3.000000000000000   -4.596194077712319
   3.500000000000000    3.000000000000000   -4.596194077712319
  -4.000000000000000   -3.500000000000000   -3.889087296525773
  -3.000000000000000   -3.500000000000000   -3.889087296525773
  -2.000000000000000   -3.500000000000000   -3.889087296525773
  -1.000000000000000   -3.500000000000000   -3.889087296525773
   0.000000000000000   -3.500000000000000   -3.889087296525773
   1.000000000000000   -3.500000000000000   -3.889087296525773
   2.000000000000000   -3.500000000000000   -3.889087296525773
   3.000000000000000   -3.500000000000000   -3.889087296525773
   4.000000000000000   -3.500000000000000   -3.889087296525773
  -4.000000000000000   -2.500000000000000   -3.889087296525773
  -3.000000000000000   -2.500000000000000   -3.889087296525773
  -2.000000000000000   -2.500000000000000   -3.889087296525773
  -1.000000000000000   -2.500000000000000   -3.889087296525773
   0.000000000000000   -2.500000000000000   -3.889087296525773
   1.000000000000000   -2.500000000000000   -3.889087296525773
   2.000000000000000   -2.500000000000000   -3.889087296525773
   3.000000000000000   -2.500000000000000   -3.889087296525773
   4.000000000000000   -2.500000000000000   -3.889087296525773
  -4.000000000000000   -1.500000000000000   -3.889087296525773
  -3.000000000000000   -1.500000000000000   -3.889087296525773
  -2.000000000000000   -1.500000000000000   -3.889087296525773
  -1.000000000000000   -1.500000000000000   -3.889087296525773
   0.000000000000000   -1.500000000000000   -3.889087296525773
   1.000000000000000   -1.500000000000000   -3.889087296525773
   2.000000000000000   -1.500000000000000   -3.889087296525773
   3.000000000000000   -1.500000000000000   -3.889087296525773
   4.000000000000000   -1.500000000000000   -3.889087296525773
  -4.000000000000000   -0.500000000000000   -3.889087296525773
  -3.000000000000000   -0.500000000000000   -3.889087296525773
  -2.000000000000000   -0.500000000000000   -3.889087296525773
  -1.000000000000000   -0.500000000000000   -3.889087296525773
   0.000000000000000   -0.500000000000000   -3.889087296525773
   1.000000000000000   -0.500000000000000   -3.889087296525773
   2.000000000000000   -0.500000000000000   -3.889087296525773
   3.000000000000000   -0.500000000000000   -3.889087296525773
   4.000000000000000   -0.500000000000000   -3.889087296525773
  -4.000000000000000    0.500000000000000   -3.889087296525773
  -3.000000000000000    0.500000000000000   -3.889087296525773
  -2.000000000000000    0.500000000000000   -3.889087296525773
  -1.000000000000000    0.500000000000000   -3.889087296525773
   0.000000000000000    0.500000000000000   -3.889087296525773
   1.000000000000000    0.500000000000000   -3.889087296525773
   2.000000000000000    0.500000000000000   -3.889087296525773
   3.000000000000000    0.500000000000000   -3.889087296525773
   4.000000000000000    0.500000000000000   -3.889087296525773
  -4.000000000000000    1.500000000000000   -3.889087296525773
  -3.000000000000000    1.500000000000000   -3.889087296525773
  -2.000000000000000    1.500000000000000   -3.889087296525773
  -1.000000000000000    1.500000000000000   -3.889087296525773
   0.000000000000000    1.500000000000000   -3.889087296525773
   1.000000000000000    1.500000000000000   -3.889087296525773
   2.000000000000000    1.500000000000000   -3.889087296525773
   3.000000000000000    1.500000000000000   -3.889087296525773
   4.000000000000000    1.500000000000000   -3.889087296525773
  -4.000000000000000    2.500000000000000   -3.889087296525773
  -3.000000000000000    2.500000000000000   -3.889087296525773
  -2.000000000000000    2.500000000000000   -3.889087296525773
  -1.000000000000000    2.500000000000000   -3.889087296525773
   0.000000000000000    2.500000000000000   -3.889087296525773
   1.000000000000000    2.500000000000000   -3.889087296525773
   2.000000000000000    2.500000000000000   -3.889087296525773
   3.000000000000000    2.500000000000000   -3.889087296525773
   4.000000000000000    2.500000000000000   -3.889087296525773
  -4.000000000000000    3.500000000000000   -3.889087296525773
  -3.000000000000000    3.500000000000000   -3.889087296525773
  -2.000000000000000    3.500000000000000   -3.889087296525773
  -1.000000000000000    3.500000000000000   -3.889087296525773
   0.000000000000000    3.500000000000000   -3.889087296525773
   1.000000000000000    3.500000000000000   -3.889087296525773
   2.000000000000000    3.500000000000000   -3.889087296525773
   3.000000000000000    3.500000000000000   -3.889087296525773
   4.000000000000000    3.500000000000000   -3.889087296525773
  -4.500000000000000   -4.000000000000000   -3.181980515339227
  -3.500000000000000   -4.000000000000000   -3.181980515339227
  -2.500000000000000   -4.000000000000000   -3.181980515339227
  -1.500000000000000   -4.000000000000000   -3.181980515339227
  -0.500000000000000   -4.000000000000000   -3.181980515339227
   0.500000000000000   -4.000000000000000   -3.181980515339227
   1.500000000000000   -4.000000000000000   -3.181980515339227
   2.500000000000000   -4.000000000000000   -3.181980515339227
   3.500000000000000   -4.000000000000000   -3.181980515339227
   4.500000000000000   -4.000000000000000   -3.181980515339227
  -4.500000000000000   -3.000000000000000   -3.181980515339227
  -3.500000000000000   -3.000000000000000   -3.181980515339227
  -2.500000000000000   -3.000000000000000   -3.181980515339227
  -1.500000000000000   -3.000000000000000   -3.181980515339227
  -0.500000000000000   -3.000000000000000   -3.181980515339227
   0.500000000000000   -3.000000000000000   -3.181980515339227
   1.500000000000000   -3.000000000000000   -3.181980515339227
   2.500000000000000   -3.000000000000000   -3.181980515339227
   3.500000000000000   -3.000000000000000   -3.181980515339227
   4.500000000000000   -3.000000000000000   -3.181980515339227
  -4.500000000000000   -2.000000000000000   -3.181980515339227
  -3.500000000000000   -2.000000000000000   -3.181980515339227
  -2.500000000000000   -2.000000000000000   -3.181980515339227
  -1.500000000000000   -2.000000000000000   -3.181980515339227
  -0.500000000000000   -2.000000000000000   -3.181980515339227
   0.500000000000000   -2.000000000000000   -3.181980515339227
   1.500000000000000   -2.000000000000000   -3.181980515339227
   2.500000000000000   -2.000000000000000   -3.181980515339227
   3.500000000000000   -2.000000000000000   -3.181980515339227
   4.500000000000000   -2.000000000000000   -3.181980515339227
  -4.500000000000000   -1.000000000000000   -3.181980515339227
  -3.500000000000000   -1.000000000000000   -3.181980515339227
  -2.500000000000000   -1.000000000000000   -3.181980515339227
  -1.500000000000000   -1.000000000000000   -3.181980515339227
  -0.500000000000000   -1.000000000000000   -3.181980515339227
   0.500000000000000   -1.000000000000000   -3.181980515339227
   1.500000000000000   -1.000000000000000   -3.181980515339227
   2.500000000000000   -1.000000000000000   -3.181980515339227
   3.500000000000000   -1.000000000000000   -3.181980515339227
   4.500000000000000   -1.000000000000000   -3.181980515339227
  -4.500000000000000    0.000000000000000   -3.181980515339227
  -3.500000000000000    0.000000000000000   -3.181980515339227
  -2.500000000000000    0.000000000000000   -3.181980515339227
  -1.500000000000000    0.000000000000000   -3.181980515339227
  -0.500000000000000    0.000000000000000   -3.181980515339227
   0.500000000000000    0.000000000000000   -3.181980515339227
   1.500000000000000    0.000000000000000   -3.181980515339227
   2.500000000000000    0.000000000000000   -3.181980515339227
   3.500000000000000    0.000000000000000   -3.181980515339227
   4.500000000000000    0.000000000000000   -3.181980515339227
  -4.500000000000000    1.000000000000000   -3.181980515339227
  -3.500000000000000    1.000000000000000   -3.181980515339227
  -2.500000000000000    1.000000000000000   -3.181980515339227
  -1.500000000000000    1.000000000000000   -3.181980515339227
  -0.500000000000000    1.000000000000000   -3.181980515339227
   0.500000000000000    1.000000000000000   -3.181980515339227
   1.500000000000000    1.000000000000000   -3.181980515339227
   2.500000000000000    1.000000000000000   -3.181980515339227
   3.500000000000000    1.000000000000000   -3.181980515339227
   4.500000000000000    1.000000000000000   -3.181980515339227
  -4.500000000000000    2.000000000000000   -3.181980515339227
  -3.500000000000000    2.000000000000000   -3.181980515339227
  -2.500000000000000    2.000000000000000   -3.181980515339227
  -1.500000000000000    2.000000000000000   -3.181980515339227
  -0.500000000000000    2.000000000000000   -3.181980515339227
   0.500000000000000    2.000000000000000   -3.181980515339227
   1.500000000000000    2.000000000000000   -3.181980515339227
   2.500000000000000    2.000000000000000   -3.181980515339227
   3.500000000000000    2.000000000000000   -3.181980515339227
   4.500000000000000    2.000000000000000   -3.181980515339227
  -4.500000000000000    3.000000000000000   -3.181980515339227
  -3.500000000000000    3.000000000000000   -3.181980515339227
  -2.500000000000000    3.000000000000000   -3.181980515339227
  -1.500000000000000    3.000000000000000   -3.181980515339227
  -0.500000000000000    3.000000000000000   -3.181980515339227
   0.500000000000000    3.000000000000000   -3.181980515339227
   1.500000000000000    3.000000000000000   -3.181980515339227
   2.500000000000000    3.000000000000000   -3.181980515339227
   3.500000000000000    3.000000000000000   -3.181980515339227
   4.500000000000000    3.000000000000000   -3.181980515339227
  -4.500000000000000    4.000000000000000   -3.181980515339227
  -3.500000000000000    4.000000000000000   -3.181980515339227
  -2.500000000000000    4.000000000000000   -3.181980515339227
  -1.500000000000000    4.000000000000000   -3.181980515339227
  -0.500000000000000    4.000000000000000   -3.181980515339227
   0.500000000000000    4.000000000000000   -3.181980515339227
   1.500000000000000    4.000000000000000   -3.181980515339227
   2.500000000000000    4.000000000000000   -3.181980515339227
   3.500000000000000    4.000000000000000   -3.181980515339227
   4.500000000000000    4.000000000000000   -3.181980515339227
  -4.000000000000000   -4.500000000000000   -2.474873734152681
  -3.000000000000000   -4.500000000000000   -2.474873734152681
  -2.000000000000000   -4.500000000000000   -2.474873734152681
  -1.000000000000000   -4.500000000000000   -2.474873734152681
   0.000000000000000   -4.500000000000000   -2.474873734152681
   1.000000000000000   -4.500000000000000   -2.474873734152681
   2.000000000000000   -4.500000000000000   -2.474873734152681
   3.000000000000000   -4.500000000000000   -2.474873734152681
   4.000000000000000   -4.500000000000000   -2.474873734152681
  -5.000000000000000   -3.500000000000000   -2.474873734152681
  -4.000000000000000   -3.500000000000000   -2.474873734152681
  -3.000000000000000   -3.500000000000000   -2.474873734152681
  -2.000000000000000   -3.500000000000000   -2.474873734152681
  -1.000000000000000   -3.500000000000000   -2.474873734152681
   0.000000000000000   -3.500000000000000   -2.474873734152681
   1.000000000000000   -3.500000000000000   -2.474873734152681
   2.000000000000000   -3.500000000000000   -2.474873734152681
   3.000000000000000   -3.500000000000000   -2.474873734152681
   4.000000000000000   -3.500000000000000   -2.474873734152681
   5.000000000000000   -3.500000000000000   -2.474873734152681
  -5.000000000000000   -2.500000000000000   -2.474873734152681
  -4.000000000000000   -2.500000000000000   -2.474873734152681
  -3.000000000000000   -2.500000000000000   -2.474873734152681
  -2.000000000000000   -2.500000000000000   -2.474873734152681
  -1.000000000000000   -2.500000000000000   -2.474873734152681
   0.000000000000000   -2.500000000000000   -2.474873734152681
   1.000000000000000   -2.500000000000000   -2.474873734152681
   2.000000000000000   -2.500000000000000   -2.474873734152681
   3.000000000000000   -2.500000000000000   -2.474873734152681
   4.000000000000000   -2.500000000000000   -2.474873734152681
   5.000000000000000   -2.500000000000000   -2.474873734152681
  -5.000000000000000   -1.500000000000000   -2.474873734152681
  -4.000000000000000   -1.500000000000000   -2.474873734152681
  -3.000000000000000   -1.500000000000000   -2.474873734152681
  -2.000000000000000   -1.500000000000000   -2.474873734152681
  -1.000000000000000   -1.500000000000000   -2.474873734152681
   0.000000000000000   -1.500000000000000   -2.474873734152681
   1.000000000000000   -1.500000000000000   -2.474873734152681
   2.000000000000000   -1.500000000000000   -2.474873734152681
   3.000000000000000   -1.500000000000000   -2.474873734152681
   4.000000000000000   -1.500000000000000   -2.474873734152681
   5.000000000000000   -1.500000000000000   -2.474873734152681
  -5.000000000000000   -0.500000000000000   -2.474873734152681
  -4.000000000000000   -0.500000000000000   -2.474873734152681
  -3.000000000000000   -0.500000000000000   -2.474873734152681
  -2.000000000000000   -0.500000000000000   -2.474873734152681
  -1.000000000000000   -0.500000000000000   -2.474873734152681
   0.000000000000000   -0.500000000000000   -2.474873734152681
   1.000000000000000   -0.500000000000000   -2.474873734152681
   2.000000000000000   -0.500000000000000   -2.474873734152681
   3.000000000000000   -0.500000000000000   -2.474873734152681
   4.000000000000000   -0.500000000000000   -2.474873734152681
   5.000000000000000   -0.500000000000000   -2.474873734152681
  -5.000000000000000    0.500000000000000   -2.474873734152681
  -4.000000000000000    0.500000000000000   -2.474873734152681
  -3.000000000000000    0.500000000000000   -2.474873734152681
  -2.000000000000000    0.500000000000000   -2.474873734152681
  -1.000000000000000    0.500000000000000   -2.474873734152681
   0.000000000000000    0.500000000000000   -2.474873734152681
   1.000000000000000    0.500000000000000   -2.474873734152681
   2.000000000000000    0.500000000000000   -2.474873734152681
   3.000000000000000    0.500000000000000   -2.474873734152681
   4.000000000000000    0.500000000000000   -2.474873734152681
   5.000000000000000    0.500000000000000   -2.474873734152681
  -5.000000000000000    1.500000000000000   -2.474873734152681
  -4.000000000000000    1.500000000000000   -2.474873734152681
  -3.000000000000000    1.500000000000000   -2.474873734152681
  -2.000000000000000    1.500000000000000   -2.474873734152681
  -1.000000000000000    1.500000000000000   -2.474873734152681
   0.000000000000000    1.500000000000000   -2.474873734152681
   1.000000000000000    1.500000000000000   -2.474873734152681
   2.000000000000000    1.500000000000000   -2.474873734152681
   3.000000000000000    1.500000000000000   -2.474873734152681
   4.000000000000000    1.500000000000000   -2.474873734152681
   5.000000000000000    1.500000000000000   -2.474873734152681
  -5.000000000000000    2.500000000000000   -2.474873734152681
  -4.000000000000000    2.500000000000000   -2.474873734152681
  -3.000000000000000    2.500000000000000   -2.474873734152681
  -2.000000000000000    2.500000000000000   -2.474873734152681
  -1.000000000000000    2.500000000000000   -2.474873734152681
   0.000000000000000    2.500000000000000   -2.474873734152681
   1.000000000000000    2.500000000000000   -2.474873734152681
   2.000000000000000    2.500000000000000   -2.474873734152681
   3.000000000000000    2.500000000000000   -2.474873734152681
   4.000000000000000    2.500000000000000   -2.474873734152681
   5.000000000000000    2.500000000000000   -2.474873734152681
  -5.000000000000000    3.500000000000000   -2.474873734152681
  -4.000000000000000    3.500000000000000   -2.474873734152681
  -3.000000000000000    3.500000000000000   -2.474873734152681
  -2.000000000000000    3.500000000000000   -2.474873734152681
  -1.000000000000000    3.500000000000000   -2.474873734152681
   0.000000000000000    3.500000000000000   -2.474873734152681
   1.000000000000000    3.500000000000000   -2.474873734152681
   2.000000000000000    3.500000000000000   -2.474873734152681
   3.000000000000000    3.500000000000000   -2.474873734152681
   4.000000000000000    3.500000000000000   -2.474873734152681
   5.000000000000000    3.500000000000000   -2.474873734152681
  -4.000000000000000    4.500000000000000   -2.474873734152681
  -3.000000000000000    4.500000000000000   -2.474873734152681
  -2.000000000000000    4.500000000000000   -2.474873734152681
  -1.000000000000000    4.500000000000000   -2.474873734152681
   0.000000000000000    4.500000000000000   -2.474873734152681
   1.000000000000000    4.500000000000000   -2.474873734152681
   2.000000000000000    4.500000000000000   -2.474873734152681
   3.000000000000000    4.500000000000000   -2.474873734152681
   4.000000000000000    4.500000000000000   -2.474873734152681
  -3.500000000000000   -5.000000000000000   -1.767766952966134
  -2.500000000000000   -5.000000000000000   -1.767766952966134
  -1.500000000000000   -5.000000000000000   -1.767766952966134
  -0.500000000000000   -5.000000000000000   -1.767766952966134
   0.500000000000000   -5.000000000000000   -1.767766952966134
   1.500000000000000   -5.000000000000000   -1.767766952966134
   2.500000000000000   -5.000000000000000   -1.767766952966134
   3.500000000000000   -5.000000000000000   -1.767766952966134
  -4.500000000000000   -4.000000000000000   -1.767766952966134
  -3.500000000000000   -4.000000000000000   -1.767766952966134
  -2.500000000000000   -4.000000000000000   -1.767766952966134
  -1.500000000000000   -4.000000000000000   -1.767766952966134
  -0.500000000000000   -4.000000000000000   -1.767766952966134
   0.500000000000000   -4.000000000000000   -1.767766952966134
   1.500000000000000   -4.000000000000000   -1.767766952966134
   2.500000000000000   -4.000000000000000   -1.767766952966134
   3.500000000000000   -4.000000000000000   -1.767766952966134
   4.500000000000000   -4.000000000000000   -1.767766952966134
  -5.500000000000000   -3.000000000000000   -1.767766952966134
  -4.500000000000000   -3.000000000000000   -1.767766952966134
  -3.500000000000000   -3.000000000000000   -1.767766952966134
  -2.500000000000000   -3.000000000000000   -1.767766952966134
  -1.500000000000000   -3.000000000000000   -1.767766952966134
  -0.500000000000000   -3.000000000000000   -1.767766952966134
   0.500000000000000   -3.000000000000000   -1.767766952966134
   1.500000000000000   -3.000000000000000   -1.767766952966134
   2.500000000000000   -3.000000000000000   -1.767766952966134
   3.500000000000000   -3.000000000000000   -1.767766952966134
   4.500000000000000   -3.000000000000000   -1.767766952966134
   5.500000000000000   -3.000000000000000   -1.767766952966134
  -5.500000000000000   -2.000000000000000   -1.767766952966134
  -4.500000000000000   -2.000000000000000   -1.767766952966134
  -3.500000000000000   -2.000000000000000   -1.767766952966134
  -2.500000000000000   -2.000000000000000   -1.767766952966134
  -1.500000000000000   -2.000000000000000   -1.767766952966134
  -0.500000000000000   -2.000000000000000   -1.767766952966134
   0.500000000000000   -2.000000000000000   -1.767766952966134
   1.500000000000000   -2.000000000000000   -1.767766952966134
   2.500000000000000   -2.000000000000000   -1.767766952966134
   3.500000000000000   -2.000000000000000   -1.767766952966134
   4.500000000000000   -2.000000000000000   -1.767766952966134
   5.500000000000000   -2.000000000000000   -1.767766952966134
  -5.500000000000000   -1.000000000000000   -1.767766952966134
  -4.500000000000000   -1.000000000000000   -1.767766952966134
  -3.500000000000000   -1.000000000000000   -1.767766952966134
  -2.500000000000000   -1.000000000000000   -1.767766952966134
  -1.500000000000000   -1.000000000000000   -1.767766952966134
  -0.500000000000000   -1.000000000000000   -1.767766952966134
   0.500000000000000   -1.000000000000000   -1.767766952966134
   1.500000000000000   -1.000000000000000   -1.767766952966134
   2.500000000000000   -1.000000000000000   -1.767766952966134
   3.500000000000000   -1.000000000000000   -1.767766952966134
   4.500000000000000   -1.000000000000000   -1.767766952966134
   5.500000000000000   -1.000000000000000   -1.767766952966134
  -5.500000000000000    0.000000000000000   -1.767766952966134
  -4.500000000000000    0.000000000000000   -1.767766952966134
  -3.500000000000000    0.000000000000000   -1.767766952966134
  -2.500000000000000    0.000000000000000   -1.767766952966134
  -1.500000000000000    0.000000000000000   -1.767766952966134
  -0.500000000000000    0.000000000000000   -1.767766952966134
   0.500000000000000    0.000000000000000   -1.767766952966134
   1.500000000000000    0.000000000000000   -1.767766952966134
   2.500000000000000    0.000000000000000   -1.767766952966134
   3.500000000000000    0.000000000000000   -1.767766952966134
   4.500000000000000    0.000000000000000   -1.767766952966134
   5.500000000000000    0.000000000000000   -1.767766952966134
  -5.500000000000000    1.000000000000000   -1.767766952966134
  -4.500000000000000    1.000000000000000   -1.767766952966134
  -3.500000000000000    1.000000000000000   -1.767766952966134
  -2.500000000000000    1.000000000000000   -1.767766952966134
  -1.500000000000000    1.000000000000000   -1.767766952966134
  -0.500000000000000    1.000000000000000   -1.767766952966134
   0.500000000000000    1.000000000000000   -1.767766952966134
   1.500000000000000    1.000000000000000   -1.767766952966134
   2.500000000000000    1.000000000000000   -1.767766952966134
   3.500000000000000    1.000000000000000   -1.767766952966134
   4.500000000000000    1.000000000000000   -1.767766952966134
   5.500000000000000    1.000000000000000   -1.767766952966134
  -5.500000000000000    2.000000000000000   -1.767766952966134
  -4.500000000000000    2.000000000000000   -1.767766952966134
  -3.500000000000000    2.000000000000000   -1.767766952966134
  -2.500000000000000    2.000000000000000   -1.767766952966134
  -1.500000000000000    2.000000000000000   -1.767766952966134
  -0.500000000000000    2.000000000000000   -1.767766952966134
   0.500000000000000    2.000000000000000   -1.767766952966134
   1.500000000000000    2.000000000000000   -1.767766952966134
   2.500000000000000    2.000000000000000   -1.767766952966134
   3.500000000000000    2.000000000000000   -1.767766952966134
   4.500000000000000    2.000000000000000   -1.767766952966134
   5.500000000000000    2.000000000000000   -1.767766952966134
  -5.500000000000000    3.000000000000000   -1.767766952966134
  -4.500000000000000    3.000000000000000   -1.767766952966134
  -3.500000000000000    3.000000000000000   -1.767766952966134
  -2.500000000000000    3.000000000000000   -1.767766952966134
  -1.500000000000000    3.000000000000000   -1.767766952966134
  -0.500000000000000    3.000000000000000   -1.767766952966134
   0.500000000000000    3.000000000000000   -1.767766952966134
   1.500000000000000    3.000000000000000   -1.767766952966134
   2.500000000000000    3.000000000000000   -1.767766952966134
   3.500000000000000    3.000000000000000   -1.767766952966134
   4.500000000000000    3.000000000000000   -1.767766952966134
   5.500000000000000    3.000000000000000   -1.767766952966134
  -4.500000000000000    4.000000000000000   -1.767766952966134
  -3.500000000000000    4.000000000000000   -1.767766952966134
  -2.500000000000000    4.000000000000000   -1.767766952966134
  -1.500000000000000    4.000000000000000   -1.767766952966134
  -0.500000000000000    4.000000000000000   -1.767766952966134
   0.500000000000000    4.000000000000000   -1.767766952966134
   1.500000000000000    4.000000000000000   -1.767766952966134
   2.500000000000000    4.000000000000000   -1.767766952966134
   3.500000000000000    4.000000000000000   -1.767766952966134
   4.500000000000000    4.000000000000000   -1.767766952966134
  -3.500000000000000    5.000000000000000   -1.767766952966134
  -2.500000000000000    5.000000000000000   -1.767766952966134
  -1.500000000000000    5.000000000000000   -1.767766952966134
  -0.500000000000000    5.000000000000000   -1.767766952966134
   0.500000000000000    5.000000000000000   -1.767766952966134
   1.500000000000000    5.000000000000000   -1.767766952966134
   2.500000000000000    5.000000000000000   -1.767766952966134
   3.500000000000000    5.000000000000000   -1.767766952966134
  -3.000000000000000   -5.500000000000000   -1.060660171779581
  -2.000000000000000   -5.500000000000000   -1.060660171779581
  -1.000000000000000   -5.500000000000000   -1.060660171779581
   0.000000000000000   -5.500000000000000   -1.060660171779581
   1.000000000000000   -5.500000000000000   -1.060660171779581
   2.000000000000000   -5.500000000000000   -1.060660171779581
   3.000000000000000   -5.500000000000000   -1.060660171779581
  -4.000000000000000   -4.500000000000000   -1.060660171779581
  -3.000000000000000   -4.500000000000000   -1.060660171779581
  -2.000000000000000   -4.500000000000000   -1.060660171779581
  -1.000000000000000   -4.500000000000000   -1.060660171779581
   0.000000000000000   -4.500000000000000   -1.060660171779581
   1.000000000000000   -4.500000000000000   -1.060660171779581
   2.000000000000000   -4.500000000000000   -1.060660171779581
   3.000000000000000   -4.500000000000000   -1.060660171779581
   4.000000000000000   -4.500000000000000   -1.060660171779581
  -5.000000000000000   -3.500000000000000   -1.060660171779581
  -4.000000000000000   -3.500000000000000   -1.060660171779581
  -3.000000000000000   -3.500000000000000   -1.060660171779581
  -2.000000000000000   -3.500000000000000   -1.060660171779581
  -1.000000000000000   -3.500000000000000   -1.060660171779581
   0.000000000000000   -3.500000000000000   -1.060660171779581
   1.000000000000000   -3.500000000000000   -1.060660171779581
   2.000000000000000   -3.500000000000000   -1.060660171779581
   3.000000000000000   -3.500000000000000   -1.060660171779581
   4.000000000000000   -3.500000000000000   -1.060660171779581
   5.000000000000000   -3.500000000000000   -1.060660171779581
  -6.000000000000000   -2.500000000000000   -1.060660171779581
  -5.000000000000000   -2.500000000000000   -1.060660171779581
  -4.000000000000000   -2.500000000000000   -1.060660171779581
  -3.000000000000000   -2.500000000000000   -1.060660171779581
  -2.000000000000000   -2.500000000000000   -1.060660171779581
  -1.000000000000000   -2.500000000000000   -1.060660171779581
   0.000000000000000   -2.500000000000000   -1.060660171779581
   1.000000000000000   -2.500000000000000   -1.060660171779581
   2.000000000000000   -2.500000000000000   -1.060660171779581
   3.000000000000000   -2.500000000000000   -1.060660171779581
   4.000000000000000   -2.500000000000000   -1.060660171779581
   5.000000000000000   -2.500000000000000   -1.060660171779581
   6.000000000000000   -2.500000000000000   -1.060660171779581
  -6.000000000000000   -1.500000000000000   -1.060660171779581
  -5.000000000000000   -1.500000000000000   -1.060660171779581
  -4.000000000000000   -1.500000000000000   -1.060660171779581
  -3.000000000000000   -1.500000000000000   -1.060660171779581
  -2.000000000000000   -1.500000000000000   -1.060660171779581
  -1.000000000000000   -1.500000000000000   -1.060660171779581
   0.000000000000000   -1.500000000000000   -1.060660171779581
   1.000000000000000   -1.500000000000000   -1.060660171779581
   2.000000000000000   -1.500000000000000   -1.060660171779581
   3.000000000000000   -1.500000000000000   -1.060660171779581
   4.000000000000000   -1.500000000000000   -1.060660171779581
   5.000000000000000   -1.500000000000000   -1.060660171779581
   6.000000000000000   -1.500000000000000   -1.060660171779581
  -6.000000000000000   -0.500000000000000   -1.060660171779581
  -5.000000000000000   -0.500000000000000   -1.060660171779581
  -4.000000000000000   -0.500000000000000   -1.060660171779581
  -3.000000000000000   -0.500000000000000   -1.060660171779581
  -2.000000000000000   -0.500000000000000   -1.060660171779581
  -1.000000000000000   -0.500000000000000   -1.060660171779581
   0.000000000000000   -0.500000000000000   -1.060660171779581
   1.000000000000000   -0.500000000000000   -1.060660171779581
   2.000000000000000   -0.500000000000000   -1.060660171779581
   3.000000000000000   -0.500000000000000   -1.060660171779581
   4.000000000000000   -0.500000000000000   -1.060660171779581
   5.000000000000000   -0.500000000000000   -1.060660171779581
   6.000000000000000   -0.500000000000000   -1.060660171779581
  -6.000000000000000    0.500000000000000   -1.060660171779581
  -5.000000000000000    0.500000000000000   -1.060660171779581
  -4.000000000000000    0.500000000000000   -1.060660171779581
  -3.000000000000000    0.500000000000000   -1.060660171779581
  -2.000000000000000    0.500000000000000   -1.060660171779581
  -1.000000000000000    0.500000000000000   -1.060660171779581
   0.000000000000000    0.500000000000000   -1.060660171779581
   1.000000000000000    0.500000000000000   -1.060660171779581
   2.000000000000000    0.500000000000000   -1.060660171779581
   3.000000000000000    0.500000000000000   -1.060660171779581
   4.000000000000000    0.500000000000000   -1.060660171779581
   5.000000000000000    0.500000000000000   -1.060660171779581
   6.000000000000000    0.500000000000000   -1.060660171779581
  -6.000000000000000    1.500000000000000   -1.060660171779581
  -5.000000000000000    1.500000000000000   -1.060660171779581
  -4.000000000000000    1.500000000000000   -1.060660171779581
  -3.000000000000000    1.500000000000000   -1.060660171779581
  -2.000000000000000    1.500000000000000   -1.060660171779581
  -1.000000000000000    1.500000000000000   -1.060660171779581
   0.000000000000000    1.500000000000000   -1.060660171779581
   1.000000000000000    1.500000000000000   -1.060660171779581
   2.000000000000000    1.500000000000000   -1.060660171779581
   3.000000000000000    1.500000000000000   -1.060660171779581
   4.000000000000000    1.500000000000000   -1.060660171779581
   5.000000000000000    1.500000000000000   -1.060660171779581
   6.000000000000000    1.500000000000000   -1.060660171779581
  -6.000000000000000    2.500000000000000   -1.060660171779581
  -5.000000000000000    2.500000000000000   -1.060660171779581
  -4.000000000000000    2.500000000000000   -1.060660171779581
  -3.000000000000000    2.500000000000000   -1.060660171779581
  -2.000000000000000    2.500000000000000   -1.060660171779581
  -1.000000000000000    2.500000000000000   -1.060660171779581
   0.000000000000000    2.500000000000000   -1.060660171779581
   1.000000000000000    2.500000000000000   -1.060660171779581
   2.000000000000000    2.500000000000000   -1.060660171779581
   3.000000000000000    2.500000000000000   -1.060660171779581
   4.000000000000000    2.500000000000000   -1.060660171779581
   5.000000000000000    2.500000000000000   -1.060660171779581
   6.000000000000000    2.500000000000000   -1.060660171779581
  -5.000000000000000    3.500000000000000   -1.060660171779581
  -4.000000000000000    3.500000000000000   -1.060660171779581
  -3.000000000000000    3.500000000000000   -1.060660171779581
  -2.000000000000000    3.500000000000000   -1.060660171779581
  -1.000000000000000    3.500000000000000   -1.060660171779581
   0.000000000000000    3.500000000000000   -1.060660171779581
   1.000000000000000    3.500000000000000   -1.060660171779581
   2.000000000000000    3.500000000000000   -1.060660171779581
   3.000000000000000    3.500000000000000   -1.060660171779581
   4.000000000000000    3.500000000000000   -1.060660171779581
   5.000000000000000    3.500000000000000   -1.060660171779581
  -4.000000000000000    4.500000000000000   -1.060660171779581
  -3.000000000000000    4.500000000000000   -1.060660171779581
  -2.000000000000000    4.500000000000000   -1.060660171779581
  -1.000000000000000    4.500000000000000   -1.060660171779581
   0.000000000000000    4.500000000000000   -1.060660171779581
   1.000000000000000    4.500000000000000   -1.060660171779581
   2.000000000000000    4.500000000000000   -1.060660171779581
   3.000000000000000    4.500000000000000   -1.060660171779581
   4.000000000000000    4.500000000000000   -1.060660171779581
  -3.000000000000000    5.500000000000000   -1.060660171779581
  -2.000000000000000    5.500000000000000   -1.060660171779581
  -1.000000000000000    5.500000000000000   -1.060660171779581
   0.000000000000000    5.500000000000000   -1.060660171779581
   1.000000000000000    5.500000000000000   -1.060660171779581
   2.000000000000000    5.500000000000000   -1.060660171779581
   3.000000000000000    5.500000000000000   -1.060660171779581
  -2.500000000000000   -6.000000000000000   -0.353553390593035
  -1.500000000000000   -6.000000000000000   -0.353553390593035
  -0.500000000000000   -6.000000000000000   -0.353553390593035
   0.500000000000000   -6.000000000000000   -0.353553390593035
   1.500000000000000   -6.000000000000000   -0.353553390593035
   2.500000000000000   -6.000000000000000   -0.353553390593035
  -3.500000000000000   -5.000000000000000   -0.353553390593035
  -2.500000000000000   -5.000000000000000   -0.353553390593035
  -1.500000000000000   -5.000000000000000   -0.353553390593035
  -0.500000000000000   -5.000000000000000   -0.353553390593035
   0.500000000000000   -5.000000000000000   -0.353553390593035
   1.500000000000000   -5.000000000000000   -0.353553390593035
   2.500000000000000   -5.000000000000000   -0.353553390593035
   3.500000000000000   -5.000000000000000   -0.353553390593035
  -4.500000000000000   -4.000000000000000   -0.353553390593035
  -3.500000000000000   -4.000000000000000   -0.353553390593035
  -2.500000000000000   -4.000000000000000   -0.353553390593035
  -1.500000000000000   -4.000000000000000   -0.353553390593035
  -0.500000000000000   -4.000000000000000   -0.353553390593035
   0.500000000000000   -4.000000000000000   -0.353553390593035
   1.500000000000000   -4.000000000000000   -0.353553390593035
   2.500000000000000   -4.000000000000000   -0.353553390593035
   3.500000000000000   -4.000000000000000   -0.353553390593035
   4.500000000000000   -4.000000000000000   -0.353553390593035
  -5.500000000000000   -3.000000000000000   -0.353553390593035
  -4.500000000000000   -3.000000000000000   -0.353553390593035
  -3.500000000000000   -3.000000000000000   -0.353553390593035
  -2.500000000000000   -3.000000000000000   -0.353553390593035
  -1.500000000000000   -3.000000000000000   -0.353553390593035
  -0.500000000000000   -3.000000000000000   -0.353553390593035
   0.500000000000000   -3.000000000000000   -0.353553390593035
   1.500000000000000   -3.000000000000000   -0.353553390593035
   2.500000000000000   -3.000000000000000   -0.353553390593035
   3.500000000000000   -3.000000000000000   -0.353553390593035
   4.500000000000000   -3.000000000000000   -0.353553390593035
   5.500000000000000   -3.000000000000000   -0.353553390593035
  -6.500000000000000   -2.000000000000000   -0.353553390593035
  -5.500000000000000   -2.000000000000000   -0.353553390593035
  -4.500000000000000   -2.000000000000000   -0.353553390593035
  -3.500000000000000   -2.000000000000000   -0.353553390593035
  -2.500000000000000   -2.000000000000000   -0.353553390593035
  -1.500000000000000   -2.000000000000000   -0.353553390593035
  -0.500000000000000   -2.000000000000000   -0.353553390593035
   0.500000000000000   -2.000000000000000   -0.353553390593035
   1.500000000000000   -2.000000000000000   -0.353553390593035
   2.500000000000000   -2.000000000000000   -0.353553390593035
   3.500000000000000   -2.000000000000000   -0.353553390593035
   4.500000000000000   -2.000000000000000   -0.353553390593035
   5.500000000000000   -2.000000000000000   -0.353553390593035
   6.500000000000000   -2.000000000000000   -0.353553390593035
  -6.500000000000000   -1.000000000000000   -0.353553390593035
  -5.500000000000000   -1.000000000000000   -0.353553390593035
  -4.500000000000000   -1.000000000000000   -0.353553390593035
  -3.500000000000000   -1.000000000000000   -0.353553390593035
  -2.500000000000000   -1.000000000000000   -0.353553390593035
  -1.500000000000000   -1.000000000000000   -0.353553390593035
  -0.500000000000000   -1.000000000000000   -0.353553390593035
   0.500000000000000   -1.000000000000000   -0.353553390593035
   1.500000000000000   -1.000000000000000   -0.353553390593035
   2.500000000000000   -1.000000000000000   -0.353553390593035
   3.500000000000000   -1.000000000000000   -0.353553390593035
   4.500000000000000   -1.000000000000000   -0.353553390593035
   5.500000000000000   -1.000000000000000   -0.353553390593035
   6.500000000000000   -1.000000000000000   -0.353553390593035
  -6.500000000000000    0.000000000000000   -0.353553390593035
  -5.500000000000000    0.000000000000000   -0.353553390593035
  -4.500000000000000    0.000000000000000   -0.353553390593035
  -3.500000000000000    0.000000000000000   -0.353553390593035
  -2.500000000000000    0.000000000000000   -0.353553390593035
  -1.500000000000000    0.000000000000000   -0.353553390593035
  -0.500000000000000    0.000000000000000   -0.353553390593035
   0.500000000000000    0.000000000000000   -0.353553390593035
   1.500000000000000    0.000000000000000   -0.353553390593035
   2.500000000000000    0.000000000000000   -0.353553390593035
   3.500000000000000    0.000000000000000   -0.353553390593035
   4.500000000000000    0.000000000000000   -0.353553390593035
   5.500000000000000    0.000000000000000   -0.353553390593035
   6.500000000000000    0.000000000000000   -0.353553390593035
  -6.500000000000000    1.000000000000000   -0.353553390593035
  -5.500000000000000    1.000000000000000   -0.353553390593035
  -4.500000000000000    1.000000000000000   -0.353553390593035
  -3.500000000000000    1.000000000000000   -0.353553390593035
  -2.500000000000000    1.000000000000000   -0.353553390593035
  -1.500000000000000    1.000000000000000   -0.353553390593035
  -0.500000000000000    1.000000000000000   -0.353553390593035
   0.500000000000000    1.000000000000000   -0.353553390593035
   1.500000000000000    1.000000000000000   -0.353553390593035
   2.500000000000000    1.000000000000000   -0.353553390593035
   3.500000000000000    1.000000000000000   -0.353553390593035
   4.500000000000000    1.000000000000000   -0.353553390593035
   5.500000000000000    1.000000000000000   -0.353553390593035
   6.500000000000000    1.000000000000000   -0.353553390593035
  -6.500000000000000    2.000000000000000   -0.353553390593035
  -5.500000000000000    2.000000000000000   -0.353553390593035
  -4.500000000000000    2.000000000000000   -0.353553390593035
  -3.500000000000000    2.000000000000000   -0.353553390593035
  -2.500000000000000    2.000000000000000   -0.353553390593035
  -1.500000000000000    2.000000000000000   -0.353553390593035
  -0.500000000000000    2.000000000000000   -0.353553390593035
   0.500000000000000    2.000000000000000   -0.353553390593035
   1.500000000000000    2.000000000000000   -0.353553390593035
   2.500000000000000    2.000000000000000   -0.353553390593035
   3.500000000000000    2.000000000000000   -0.353553390593035
   4.500000000000000    2.000000000000000   -0.353553390593035
   5.500000000000000    2.000000000000000   -0.353553390593035
   6.500000000000000    2.000000000000000   -0.353553390593035
  -5.500000000000000    3.000000000000000   -0.353553390593035
  -4.500000000000000    3.000000000000000   -0.353553390593035
  -3.500000000000000    3.000000000000000   -0.353553390593035
  -2.500000000000000    3.000000000000000   -0.353553390593035
  -1.500000000000000    3.000000000000000   -0.353553390593035
  -0.500000000000000    3.000000000000000   -0.353553390593035
   0.500000000000000    3.000000000000000   -0.353553390593035
   1.500000000000000    3.000000000000000   -0.353553390593035
   2.500000000000000    3.000000000000000   -0.353553390593035
   3.500000000000000    3.000000000000000   -0.353553390593035
   4.500000000000000    3.000000000000000   -0.353553390593035
   5.500000000000000    3.000000000000000   -0.353553390593035
  -4.500000000000000    4.000000000000000   -0.353553390593035
  -3.500000000000000    4.000000000000000   -0.353553390593035
  -2.500000000000000    4.000000000000000   -0.353553390593035
  -1.500000000000000    4.000000000000000   -0.353553390593035
  -0.500000000000000    4.000000000000000   -0.353553390593035
   0.500000000000000    4.000000000000000   -0.353553390593035
   1.500000000000000    4.000000000000000   -0.353553390593035
   2.500000000000000    4.000000000000000   -0.353553390593035
   3.500000000000000    4.000000000000000   -0.353553390593035
   4.500000000000000    4.000000000000000   -0.353553390593035
  -3.500000000000000    5.000000000000000   -0.353553390593035
  -2.500000000000000    5.000000000000000   -0.353553390593035
  -1.500000000000000    5.000000000000000   -0.353553390593035
  -0.500000000000000    5.000000000000000   -0.353553390593035
   0.500000000000000    5.000000000000000   -0.353553390593035
   1.500000000000000    5.000000000000000   -0.353553390593035
   2.500000000000000    5.000000000000000   -0.353553390593035
   3.500000000000000    5.000000000000000   -0.353553390593035
  -2.500000000000000    6.000000000000000   -0.353553390593035
  -1.500000000000000    6.000000000000000   -0.353553390593035
  -0.500000000000000    6.000000000000000   -0.353553390593035
   0.500000000000000    6.000000000000000   -0.353553390593035
   1.500000000000000    6.000000000000000   -0.353553390593035
   2.500000000000000    6.000000000000000   -0.353553390593035
  -2.000000000000000   -6.500000000000000    0.353553390593511
  -1.000000000000000   -6.500000000000000    0.353553390593511
   0.000000000000000   -6.500000000000000    0.353553390593511
   1.000000000000000   -6.500000000000000    0.353553390593511
   2.000000000000000   -6.500000000000000    0.353553390593511
  -3.000000000000000   -5.500000000000000    0.353553390593511
  -2.000000000000000   -5.500000000000000    0.353553390593511
  -1.000000000000000   -5.500000000000000    0.353553390593511
   0.000000000000000   -5.500000000000000    0.353553390593511
   1.000000000000000   -5.500000000000000    0.353553390593511
   2.000000000000000   -5.500000000000000    0.353553390593511
   3.000000000000000   -5.500000000000000    0.353553390593511
  -4.000000000000000   -4.500000000000000    0.353553390593511
  -3.000000000000000   -4.500000000000000    0.353553390593511
  -2.000000000000000   -4.500000000000000    0.353553390593511
  -1.000000000000000   -4.500000000000000    0.353553390593511
   0.000000000000000   -4.500000000000000    0.353553390593511
   1.000000000000000   -4.500000000000000    0.353553390593511
   2.000000000000000   -4.500000000000000    0.353553390593511
   3.000000000000000   -4.500000000000000    0.353553390593511
   4.000000000000000   -4.500000000000000    0.353553390593511
  -5.000000000000000   -3.500000000000000    0.353553390593511
  -4.000000000000000   -3.500000000000000    0.353553390593511
  -3.000000000000000   -3.500000000000000    0.353553390593511
  -2.000000000000000   -3.500000000000000    0.353553390593511
  -1.000000000000000   -3.500000000000000    0.353553390593511
   0.000000000000000   -3.500000000000000    0.353553390593511
   1.000000000000000   -3.500000000000000    0.353553390593511
   2.000000000000000   -3.500000000000000    0.353553390593511
   3.000000000000000   -3.500000000000000    0.353553390593511
   4.000000000000000   -3.500000000000000    0.353553390593511
   5.000000000000000   -3.500000000000000    0.353553390593511
  -6.000000000000000   -2.500000000000000    0.353553390593511
  -5.000000000000000   -2.500000000000000    0.353553390593511
  -4.000000000000000   -2.500000000000000    0.353553390593511
  -3.000000000000000   -2.500000000000000    0.353553390593511
  -2.000000000000000   -2.500000000000000    0.353553390593511
  -1.000000000000000   -2.500000000000000    0.353553390593511
   0.000000000000000   -2.500000000000000    0.353553390593511
   1.000000000000000   -2.500000000000000    0.353553390593511
   2.000000000000000   -2.500000000000000    0.353553390593511
   3.000000000000000   -2.500000000000000    0.353553390593511
   4.000000000000000   -2.500000000000000    0.353553390593511
   5.000000000000000   -2.500000000000000    0.353553390593511
   6.000000000000000   -2.500000000000000    0.353553390593511
  -6.000000000000000   -1.500000000000000    0.353553390593511
  -5.000000000000000   -1.500000000000000    0.353553390593511
  -4.000000000000000   -1.500000000000000    0.353553390593511
  -3.000000000000000   -1.500000000000000    0.353553390593511
  -2.000000000000000   -1.500000000000000    0.353553390593511
  -1.000000000000000   -1.500000000000000    0.353553390593511
   0.000000000000000   -1.500000000000000    0.353553390593511
   1.000000000000000   -1.500000000000000    0.353553390593511
   2.000000000000000   -1.500000000000000    0.353553390593511
   3.000000000000000   -1.500000000000000    0.353553390593511
   4.000000000000000   -1.500000000000000    0.353553390593511
   5.000000000000000   -1.500000000000000    0.353553390593511
   6.000000000000000   -1.500000000000000    0.353553390593511
  -6.000000000000000   -0.500000000000000    0.353553390593511
  -5.000000000000000   -0.500000000000000    0.353553390593511
  -4.000000000000000   -0.500000000000000    0.353553390593511
  -3.000000000000000   -0.500000000000000    0.353553390593511
  -2.000000000000000   -0.500000000000000    0.353553390593511
  -1.000000000000000   -0.500000000000000    0.353553390593511
   0.000000000000000   -0.500000000000000    0.353553390593511
   1.000000000000000   -0.500000000000000    0.353553390593511
   2.000000000000000   -0.500000000000000    0.353553390593511
   3.000000000000000   -0.500000000000000    0.353553390593511
   4.000000000000000   -0.500000000000000    0.353553390593511
   5.000000000000000   -0.500000000000000    0.353553390593511
   6.000000000000000   -0.500000000000000    0.353553390593511
  -6.000000000000000    0.500000000000000    0.353553390593511
  -5.000000000000000    0.500000000000000    0.353553390593511
  -4.000000000000000    0.500000000000000    0.353553390593511
  -3.000000000000000    0.500000000000000    0.353553390593511
  -2.000000000000000    0.500000000000000    0.353553390593511
  -1.000000000000000    0.500000000000000    0.353553390593511
   0.000000000000000    0.500000000000000    0.353553390593511
   1.000000000000000    0.500000000000000    0.353553390593511
   2.000000000000000    0.500000000000000    0.353553390593511
   3.000000000000000    0.500000000000000    0.353553390593511
   4.000000000000000    0.500000000000000    0.353553390593511
   5.000000000000000    0.500000000000000    0.353553390593511
   6.000000000000000    0.500000000000000    0.353553390593511
  -6.000000000000000    1.500000000000000    0.353553390593511
  -5.000000000000000    1.500000000000000    0.353553390593511
  -4.000000000000000    1.500000000000000    0.353553390593511
  -3.000000000000000    1.500000000000000    0.353553390593511
  -2.000000000000000    1.500000000000000    0.353553390593511
  -1.000000000000000    1.500000000000000    0.353553390593511
   0.000000000000000    1.500000000000000    0.353553390593511
   1.000000000000000    1.500000000000000    0.353553390593511
   2.000000000000000    1.500000000000000    0.353553390593511
   3.000000000000000    1.500000000000000    0.353553390593511
   4.000000000000000    1.500000000000000    0.353553390593511
   5.000000000000000    1.500000000000000    0.353553390593511
   6.000000000000000    1.500000000000000    0.353553390593511
  -6.000000000000000    2.500000000000000    0.353553390593511
  -5.000000000000000    2.500000000000000    0.353553390593511
  -4.000000000000000    2.500000000000000    0.353553390593511
  -3.000000000000000    2.500000000000000    0.353553390593511
  -2.000000000000000    2.500000000000000    0.353553390593511
  -1.000000000000000    2.500000000000000    0.353553390593511
   0.000000000000000    2.500000000000000    0.353553390593511
   1.000000000000000    2.500000000000000    0.353553390593511
   2.000000000000000    2.500000000000000    0.353553390593511
   3.000000000000000    2.500000000000000    0.353553390593511
   4.000000000000000    2.500000000000000    0.353553390593511
   5.000000000000000    2.500000000000000    0.353553390593511
   6.000000000000000    2.500000000000000    0.353553390593511
  -5.000000000000000    3.500000000000000    0.353553390593511
  -4.000000000000000    3.500000000000000    0.353553390593511
  -3.000000000000000    3.500000000000000    0.353553390593511
  -2.000000000000000    3.500000000000000    0.353553390593511
  -1.000000000000000    3.500000000000000    0.353553390593511
   0.000000000000000    3.500000000000000    0.353553390593511
   1.000000000000000    3.500000000000000    0.353553390593511
   2.000000000000000    3.500000000000000    0.353553390593511
   3.000000000000000    3.500000000000000    0.353553390593511
   4.000000000000000    3.500000000000000    0.353553390593511
   5.000000000000000    3.500000000000000    0.353553390593511
  -4.000000000000000    4.500000000000000    0.353553390593511
  -3.000000000000000    4.500000000000000    0.353553390593511
  -2.000000000000000    4.500000000000000    0.353553390593511
  -1.000000000000000    4.500000000000000    0.353553390593511
   0.000000000000000    4.500000000000000    0.353553390593511
   1.000000000000000    4.500000000000000    0.353553390593511
   2.000000000000000    4.500000000000000    0.353553390593511
   3.000000000000000    4.500000000000000    0.353553390593511
   4.000000000000000    4.500000000000000    0.353553390593511
  -3.000000000000000    5.500000000000000    0.353553390593511
  -2.000000000000000    5.500000000000000    0.353553390593511
  -1.000000000000000    5.500000000000000    0.353553390593511
   0.000000000000000    5.500000000000000    0.353553390593511
   1.000000000000000    5.500000000000000    0.353553390593511
   2.000000000000000    5.500000000000000    0.353553390593511
   3.000000000000000    5.500000000000000    0.353553390593511
  -2.000000000000000    6.500000000000000    0.353553390593511
  -1.000000000000000    6.500000000000000    0.353553390593511
   0.000000000000000    6.500000000000000    0.353553390593511
   1.000000000000000    6.500000000000000    0.353553390593511
   2.000000000000000    6.500000000000000    0.353553390593511
  -2.500000000000000   -6.000000000000000    1.060660171780057
  -1.500000000000000   -6.000000000000000    1.060660171780057
  -0.500000000000000   -6.000000000000000    1.060660171780057
   0.500000000000000   -6.000000000000000    1.060660171780057
   1.500000000000000   -6.000000000000000    1.060660171780057
   2.500000000000000   -6.000000000000000    1.060660171780057
  -3.500000000000000   -5.000000000000000    1.060660171780057
  -2.500000000000000   -5.000000000000000    1.060660171780057
  -1.500000000000000   -5.000000000000000    1.060660171780057
  -0.500000000000000   -5.000000000000000    1.060660171780057
   0.500000000000000   -5.000000000000000    1.060660171780057
   1.500000000000000   -5.000000000000000    1.060660171780057
   2.500000000000000   -5.000000000000000    1.060660171780057
   3.500000000000000   -5.000000000000000    1.060660171780057
  -4.500000000000000   -4.000000000000000    1.060660171780057
  -3.500000000000000   -4.000000000000000    1.060660171780057
  -2.500000000000000   -4.000000000000000    1.060660171780057
  -1.500000000000000   -4.000000000000000    1.060660171780057
  -0.500000000000000   -4.000000000000000    1.060660171780057
   0.500000000000000   -4.000000000000000    1.060660171780057
   1.500000000000000   -4.000000000000000    1.060660171780057
   2.500000000000000   -4.000000000000000    1.060660171780057
   3.500000000000000   -4.000000000000000    1.060660171780057
   4.500000000000000   -4.000000000000000    1.060660171780057
  -5.500000000000000   -3.000000000000000    1.060660171780057
  -4.500000000000000   -3.000000000000000    1.060660171780057
  -3.500000000000000   -3.000000000000000    1.060660171780057
  -2.500000000000000   -3.000000000000000    1.060660171780057
  -1.500000000000000   -3.000000000000000    1.060660171780057
  -0.500000000000000   -3.000000000000000    1.060660171780057
   0.500000000000000   -3.000000000000000    1.060660171780057
   1.500000000000000   -3.000000000000000    1.060660171780057
   2.500000000000000   -3.000000000000000    1.060660171780057
   3.500000000000000   -3.000000000000000    1.060660171780057
   4.500000000000000   -3.000000000000000    1.060660171780057
   5.500000000000000   -3.000000000000000    1.060660171780057
  -5.500000000000000   -2.000000000000000    1.060660171780057
  -4.500000000000000   -2.000000000000000    1.060660171780057
  -3.500000000000000   -2.000000000000000    1.060660171780057
  -2.500000000000000   -2.000000000000000    1.060660171780057
  -1.500000000000000   -2.000000000000000    1.060660171780057
  -0.500000000000000   -2.000000000000000    1.060660171780057
   0.500000000000000   -2.000000000000000    1.060660171780057
   1.500000000000000   -2.000000000000000    1.060660171780057
   2.500000000000000   -2.000000000000000    1.060660171780057
   3.500000000000000   -2.000000000000000    1.060660171780057
   4.500000000000000   -2.000000000000000    1.060660171780057
   5.500000000000000   -2.000000000000000    1.060660171780057
  -5.500000000000000   -1.000000000000000    1.060660171780057
  -4.500000000000000   -1.000000000000000    1.060660171780057
  -3.500000000000000   -1.000000000000000    1.060660171780057
  -2.500000000000000   -1.000000000000000    1.060660171780057
  -1.500000000000000   -1.000000000000000    1.060660171780057
  -0.500000000000000   -1.000000000000000    1.060660171780057
   0.500000000000000   -1.000000000000000    1.060660171780057
   1.500000000000000   -1.000000000000000    1.060660171780057
   2.500000000000000   -1.000000000000000    1.060660171780057
   3.500000000000000   -1.000000000000000    1.060660171780057
   4.500000000000000   -1.000000000000000    1.060660171780057
   5.500000000000000   -1.000000000000000    1.060660171780057
  -5.500000000000000    0.000000000000000    1.060660171780057
  -4.500000000000000    0.000000000000000    1.060660171780057
  -3.500000000000000    0.000000000000000    1.060660171780057
  -2.500000000000000    0.000000000000000    1.060660171780057
  -1.500000000000000    0.000000000000000    1.060660171780057
  -0.500000000000000    0.000000000000000    1.060660171780057
   0.500000000000000    0.000000000000000    1.060660171780057
   1.500000000000000    0.000000000000000    1.060660171780057
   2.500000000000000    0.000000000000000    1.060660171780057
   3.500000000000000    0.000000000000000    1.060660171780057
   4.500000000000000    0.000000000000000    1.060660171780057
   5.500000000000000    0.000000000000000    1.060660171780057
  -5.500000000000000    1.000000000000000    1.060660171780057
  -4.500000000000000    1.000000000000000    1.060660171780057
  -3.500000000000000    1.000000000000000    1.060660171780057
  -2.500000000000000    1.000000000000000    1.060660171780057
  -1.500000000000000    1.000000000000000    1.060660171780057
  -0.500000000000000    1.000000000000000    1.060660171780057
   0.500000000000000    1.000000000000000    1.060660171780057
   1.500000000000000    1.000000000000000    1.060660171780057
   2.500000000000000    1.000000000000000    1.060660171780057
   3.500000000000000    1.000000000000000    1.060660171780057
   4.500000000000000    1.000000000000000    1.060660171780057
   5.500000000000000    1.000000000000000    1.060660171780057
  -5.500000000000000    2.000000000000000    1.060660171780057
  -4.500000000000000    2.000000000000000    1.060660171780057
  -3.500000000000000    2.000000000000000    1.060660171780057
  -2.500000000000000    2.000000000000000    1.060660171780057
  -1.500000000000000    2.000000000000000    1.060660171780057
  -0.500000000000000    2.000000000000000    1.060660171780057
   0.500000000000000    2.000000000000000    1.060660171780057
   1.500000000000000    2.000000000000000    1.060660171780057
   2.500000000000000    2.000000000000000    1.060660171780057
   3.500000000000000    2.000000000000000    1.060660171780057
   4.500000000000000    2.000000000000000    1.060660171780057
   5.500000000000000    2.000000000000000    1.060660171780057
  -5.500000000000000    3.000000000000000    1.060660171780057
  -4.500000000000000    3.000000000000000    1.060660171780057
  -3.500000000000000    3.000000000000000    1.060660171780057
  -2.500000000000000    3.000000000000000    1.060660171780057
  -1.500000000000000    3.000000000000000    1.060660171780057
  -0.500000000000000    3.000000000000000    1.060660171780057
   0.500000000000000    3.000000000000000    1.060660171780057
   1.500000000000000    3.000000000000000    1.060660171780057
   2.500000000000000    3.000000000000000    1.060660171780057
   3.500000000000000    3.000000000000000    1.060660171780057
   4.500000000000000    3.000000000000000    1.060660171780057
   5.500000000000000    3.000000000000000    1.060660171780057
  -4.500000000000000    4.000000000000000    1.060660171780057
  -3.500000000000000    4.000000000000000    1.060660171780057
  -2.500000000000000    4.000000000000000    1.060660171780057
  -1.500000000000000    4.000000000000000    1.060660171780057
  -0.500000000000000    4.000000000000000    1.060660171780057
   0.500000000000000    4.000000000000000    1.060660171780057
   1.500000000000000    4.000000000000000    1.060660171780057
   2.500000000000000    4.000000000000000    1.060660171780057
   3.500000000000000    4.000000000000000    1.060660171780057
   4.500000000000000    4.000000000000000    1.060660171780057
  -3.500000000000000    5.000000000000000    1.060660171780057
  -2.500000000000000    5.000000000000000    1.060660171780057
  -1.500000000000000    5.000000000000000    1.060660171780057
  -0.500000000000000    5.000000000000000    1.060660171780057
   0.500000000000000    5.000000000000000    1.060660171780057
   1.500000000000000    5.000000000000000    1.060660171780057
   2.500000000000000    5.000000000000000    1.060660171780057
   3.500000000000000    5.000000000000000    1.060660171780057
  -2.500000000000000    6.000000000000000    1.060660171780057
  -1.500000000000000    6.000000000000000    1.060660171780057
  -0.500000000000000    6.000000000000000    1.060660171780057
   0.500000000000000    6.000000000000000    1.060660171780057
   1.500000000000000    6.000000000000000    1.060660171780057
   2.500000000000000    6.000000000000000    1.060660171780057
  -3.000000000000000   -5.500000000000000    1.767766952966603
  -2.000000000000000   -5.500000000000000    1.767766952966603
  -1.000000000000000   -5.500000000000000    1.767766952966603
   0.000000000000000   -5.500000000000000    1.767766952966603
   1.000000000000000   -5.500000000000000    1.767766952966603
   2.000000000000000   -5.500000000000000    1.767766952966603
   3.000000000000000   -5.500000000000000    1.767766952966603
  -4.000000000000000   -4.500000000000000    1.767766952966603
  -3.000000000000000   -4.500000000000000    1.767766952966603
  -2.000000000000000   -4.500000000000000    1.767766952966603
  -1.000000000000000   -4.500000000000000    1.767766952966603
   0.000000000000000   -4.500000000000000    1.767766952966603
   1.000000000000000   -4.500000000000000    1.767766952966603
   2.000000000000000   -4.500000000000000    1.767766952966603
   3.000000000000000   -4.500000000000000    1.767766952966603
   4.000000000000000   -4.500000000000000    1.767766952966603
  -5.000000000000000   -3.500000000000000    1.767766952966603
  -4.000000000000000   -3.500000000000000    1.767766952966603
  -3.000000000000000   -3.500000000000000    1.767766952966603
  -2.000000000000000   -3.500000000000000    1.767766952966603
  -1.000000000000000   -3.500000000000000    1.767766952966603
   0.000000000000000   -3.500000000000000    1.767766952966603
   1.000000000000000   -3.500000000000000    1.767766952966603
   2.000000000000000   -3.500000000000000    1.767766952966603
   3.000000000000000   -3.500000000000000    1.767766952966603
   4.000000000000000   -3.500000000000000    1.767766952966603
   5.000000000000000   -3.500000000000000    1.767766952966603
  -5.000000000000000   -2.500000000000000    1.767766952966603
  -4.000000000000000   -2.500000000000000    1.767766952966603
  -3.000000000000000   -2.500000000000000    1.767766952966603
  -2.000000000000000   -2.500000000000000    1.767766952966603
  -1.000000000000000   -2.500000000000000    1.767766952966603
   0.000000000000000   -2.500000000000000    1.767766952966603
   1.000000000000000   -2.500000000000000    1.767766952966603
   2.000000000000000   -2.500000000000000    1.767766952966603
   3.000000000000000   -2.500000000000000    1.767766952966603
   4.000000000000000   -2.500000000000000    1.767766952966603
   5.000000000000000   -2.500000000000000    1.767766952966603
  -5.000000000000000   -1.500000000000000    1.767766952966603
  -4.000000000000000   -1.500000000000000    1.767766952966603
  -3.000000000000000   -1.500000000000000    1.767766952966603
  -2.000000000000000   -1.500000000000000    1.767766952966603
  -1.000000000000000   -1.500000000000000    1.767766952966603
   0.000000000000000   -1.500000000000000    1.767766952966603
   1.000000000000000   -1.500000000000000    1.767766952966603
   2.000000000000000   -1.500000000000000    1.767766952966603
   3.000000000000000   -1.500000000000000    1.767766952966603
   4.000000000000000   -1.500000000000000    1.767766952966603
   5.000000000000000   -1.500000000000000    1.767766952966603
  -5.000000000000000   -0.500000000000000    1.767766952966603
  -4.000000000000000   -0.500000000000000    1.767766952966603
  -3.000000000000000   -0.500000000000000    1.767766952966603
  -2.000000000000000   -0.500000000000000    1.767766952966603
  -1.000000000000000   -0.500000000000000    1.767766952966603
   0.000000000000000   -0.500000000000000    1.767766952966603
   1.000000000000000   -0.500000000000000    1.767766952966603
   2.000000000000000   -0.500000000000000    1.767766952966603
   3.000000000000000   -0.500000000000000    1.767766952966603
   4.000000000000000   -0.500000000000000    1.767766952966603
   5.000000000000000   -0.500000000000000    1.767766952966603
  -5.000000000000000    0.500000000000000    1.767766952966603
  -4.000000000000000    0.500000000000000    1.767766952966603
  -3.000000000000000    0.500000000000000    1.767766952966603
  -2.000000000000000    0.500000000000000    1.767766952966603
  -1.000000000000000    0.500000000000000    1.767766952966603
   0.000000000000000    0.500000000000000    1.767766952966603
   1.000000000000000    0.500000000000000    1.767766952966603
   2.000000000000000    0.500000000000000    1.767766952966603
   3.000000000000000    0.500000000000000    1.767766952966603
   4.000000000000000    0.500000000000000    1.767766952966603
   5.000000000000000    0.500000000000000    1.767766952966603
  -5.000000000000000    1.500000000000000    1.767766952966603
  -4.000000000000000    1.500000000000000    1.767766952966603
  -3.000000000000000    1.500000000000000    1.767766952966603
  -2.000000000000000    1.500000000000000    1.767766952966603
  -1.000000000000000    1.500000000000000    1.767766952966603
   0.000000000000000    1.500000000000000    1.767766952966603
   1.000000000000000    1.500000000000000    1.767766952966603
   2.000000000000000    1.500000000000000    1.767766952966603
   3.000000000000000    1.500000000000000    1.767766952966603
   4.000000000000000    1.500000000000000    1.767766952966603
   5.000000000000000    1.500000000000000    1.767766952966603
  -5.000000000000000    2.500000000000000    1.767766952966603
  -4.000000000000000    2.500000000000000    1.767766952966603
  -3.000000000000000    2.500000000000000    1.767766952966603
  -2.000000000000000    2.500000000000000    1.767766952966603
  -1.000000000000000    2.500000000000000    1.767766952966603
   0.000000000000000    2.500000000000000    1.767766952966603
   1.000000000000000    2.500000000000000    1.767766952966603
   2.000000000000000    2.500000000000000    1.767766952966603
   3.000000000000000    2.500000000000000    1.767766952966603
   4.000000000000000    2.500000000000000    1.767766952966603
   5.000000000000000    2.500000000000000    1.767766952966603
  -5.000000000000000    3.500000000000000    1.767766952966603
  -4.000000000000000    3.500000000000000    1.767766952966603
  -3.000000000000000    3.500000000000000    1.767766952966603
  -2.000000000000000    3.500000000000000    1.767766952966603
  -1.000000000000000    3.500000000000000    1.767766952966603
   0.000000000000000    3.500000000000000    1.767766952966603
   1.000000000000000    3.500000000000000    1.767766952966603
   2.000000000000000    3.500000000000000    1.767766952966603
   3.000000000000000    3.500000000000000    1.767766952966603
   4.000000000000000    3.500000000000000    1.767766952966603
   5.000000000000000    3.500000000000000    1.767766952966603
  -4.000000000000000    4.500000000000000    1.767766952966603
  -3.000000000000000    4.500000000000000    1.767766952966603
  -2.000000000000000    4.500000000000000    1.767766952966603
  -1.000000000000000    4.500000000000000    1.767766952966603
   0.000000000000000    4.500000000000000    1.767766952966603
   1.000000000000000    4.500000000000000    1.767766952966603
   2.000000000000000    4.500000000000000    1.767766952966603
   3.000000000000000    4.500000000000000    1.767766952966603
   4.000000000000000    4.500000000000000    1.767766952966603
  -3.000000000000000    5.500000000000000    1.767766952966603
  -2.000000000000000    5.500000000000000    1.767766952966603
  -1.000000000000000    5.500000000000000    1.767766952966603
   0.000000000000000    5.500000000000000    1.767766952966603
   1.000000000000000    5.500000000000000    1.767766952966603
   2.000000000000000    5.500000000000000    1.767766952966603
   3.000000000000000    5.500000000000000    1.767766952966603
  -3.500000000000000   -5.000000000000000    2.474873734153157
  -2.500000000000000   -5.000000000000000    2.474873734153157
  -1.500000000000000   -5.000000000000000    2.474873734153157
  -0.500000000000000   -5.000000000000000    2.474873734153157
   0.500000000000000   -5.000000000000000    2.474873734153157
   1.500000000000000   -5.000000000000000    2.474873734153157
   2.500000000000000   -5.000000000000000    2.474873734153157
   3.500000000000000   -5.000000000000000    2.474873734153157
  -4.500000000000000   -4.000000000000000    2.474873734153157
  -3.500000000000000   -4.000000000000000    2.474873734153157
  -2.500000000000000   -4.000000000000000    2.474873734153157
  -1.500000000000000   -4.000000000000000    2.474873734153157
  -0.500000000000000   -4.000000000000000    2.474873734153157
   0.500000000000000   -4.000000000000000    2.474873734153157
   1.500000000000000   -4.000000000000000    2.474873734153157
   2.500000000000000   -4.000000000000000    2.474873734153157
   3.500000000000000   -4.000000000000000    2.474873734153157
   4.500000000000000   -4.000000000000000    2.474873734153157
  -4.500000000000000   -3.000000000000000    2.474873734153157
  -3.500000000000000   -3.000000000000000    2.474873734153157
  -2.500000000000000   -3.000000000000000    2.474873734153157
  -1.500000000000000   -3.000000000000000    2.474873734153157
  -0.500000000000000   -3.000000000000000    2.474873734153157
   0.500000000000000   -3.000000000000000    2.474873734153157
   1.500000000000000   -3.000000000000000    2.474873734153157
   2.500000000000000   -3.000000000000000    2.474873734153157
   3.500000000000000   -3.000000000000000    2.474873734153157
   4.500000000000000   -3.000000000000000    2.474873734153157
  -4.500000000000000   -2.000000000000000    2.474873734153157
  -3.500000000000000   -2.000000000000000    2.474873734153157
  -2.500000000000000   -2.000000000000000    2.474873734153157
  -1.500000000000000   -2.000000000000000    2.474873734153157
  -0.500000000000000   -2.000000000000000    2.474873734153157
   0.500000000000000   -2.000000000000000    2.474873734153157
   1.500000000000000   -2.000000000000000    2.474873734153157
   2.500000000000000   -2.000000000000000    2.474873734153157
   3.500000000000000   -2.000000000000000    2.474873734153157
   4.500000000000000   -2.000000000000000    2.474873734153157
  -4.500000000000000   -1.000000000000000    2.474873734153157
  -3.500000000000000   -1.000000000000000    2.474873734153157
  -2.500000000000000   -1.000000000000000    2.474873734153157
  -1.500000000000000   -1.000000000000000    2.474873734153157
  -0.500000000000000   -1.000000000000000    2.474873734153157
   0.500000000000000   -1.000000000000000    2.474873734153157
   1.500000000000000   -1.000000000000000    2.474873734153157
   2.500000000000000   -1.000000000000000    2.474873734153157
   3.500000000000000   -1.000000000000000    2.474873734153157
   4.500000000000000   -1.000000000000000    2.474873734153157
  -4.500000000000000    0.000000000000000    2.474873734153157
  -3.500000000000000    0.000000000000000    2.474873734153157
  -2.500000000000000    0.000000000000000    2.474873734153157
  -1.500000000000000    0.000000000000000    2.474873734153157
  -0.500000000000000    0.000000000000000    2.474873734153157
   0.500000000000000    0.000000000000000    2.474873734153157
   1.500000000000000    0.000000000000000    2.474873734153157
   2.500000000000000    0.000000000000000    2.474873734153157
   3.500000000000000    0.000000000000000    2.474873734153157
   4.500000000000000    0.000000000000000    2.474873734153157
  -4.500000000000000    1.000000000000000    2.474873734153157
  -3.500000000000000    1.000000000000000    2.474873734153157
  -2.500000000000000    1.000000000000000    2.474873734153157
  -1.500000000000000    1.000000000000000    2.474873734153157
  -0.500000000000000    1.000000000000000    2.474873734153157
   0.500000000000000    1.000000000000000    2.474873734153157
   1.500000000000000    1.000000000000000    2.474873734153157
   2.500000000000000    1.000000000000000    2.474873734153157
   3.500000000000000    1.000000000000000    2.474873734153157
   4.500000000000000    1.000000000000000    2.474873734153157
  -4.500000000000000    2.000000000000000    2.474873734153157
  -3.500000000000000    2.000000000000000    2.474873734153157
  -2.500000000000000    2.000000000000000    2.474873734153157
  -1.500000000000000    2.000000000000000    2.474873734153157
  -0.500000000000000    2.000000000000000    2.474873734153157
   0.500000000000000    2.000000000000000    2.474873734153157
   1.500000000000000    2.000000000000000    2.474873734153157
   2.500000000000000    2.000000000000000    2.474873734153157
   3.500000000000000    2.000000000000000    2.474873734153157
   4.500000000000000    2.000000000000000    2.474873734153157
  -4.500000000000000    3.000000000000000    2.474873734153157
  -3.500000000000000    3.000000000000000    2.474873734153157
  -2.500000000000000    3.000000000000000    2.474873734153157
  -1.500000000000000    3.000000000000000    2.474873734153157
  -0.500000000000000    3.000000000000000    2.474873734153157
   0.500000000000000    3.000000000000000    2.474873734153157
   1.500000000000000    3.000000000000000    2.474873734153157
   2.500000000000000    3.000000000000000    2.474873734153157
   3.500000000000000    3.000000000000000    2.474873734153157
   4.500000000000000    3.000000000000000    2.474873734153157
  -4.500000000000000    4.000000000000000    2.474873734153157
  -3.500000000000000    4.000000000000000    2.474873734153157
  -2.500000000000000    4.000000000000000    2.474873734153157
  -1.500000000000000    4.000000000000000    2.474873734153157
  -0.500000000000000    4.000000000000000    2.474873734153157
   0.500000000000000    4.000000000000000    2.474873734153157
   1.500000000000000    4.000000000000000    2.474873734153157
   2.500000000000000    4.000000000000000    2.474873734153157
   3.500000000000000    4.000000000000000    2.474873734153157
   4.500000000000000    4.000000000000000    2.474873734153157
  -3.500000000000000    5.000000000000000    2.474873734153157
  -2.500000000000000    5.000000000000000    2.474873734153157
  -1.500000000000000    5.000000000000000    2.474873734153157
  -0.500000000000000    5.000000000000000    2.474873734153157
   0.500000000000000    5.000000000000000    2.474873734153157
   1.500000000000000    5.000000000000000    2.474873734153157
   2.500000000000000    5.000000000000000    2.474873734153157
   3.500000000000000    5.000000000000000    2.474873734153157
  -4.000000000000000   -4.500000000000000    3.181980515339703
  -3.000000000000000   -4.500000000000000    3.181980515339703
  -2.000000000000000   -4.500000000000000    3.181980515339703
  -1.000000000000000   -4.500000000000000    3.181980515339703
   0.000000000000000   -4.500000000000000    3.181980515339703
   1.000000000000000   -4.500000000000000    3.181980515339703
   2.000000000000000   -4.500000000000000    3.181980515339703
   3.000000000000000   -4.500000000000000    3.181980515339703
   4.000000000000000   -4.500000000000000    3.181980515339703
  -4.000000000000000   -3.500000000000000    3.181980515339703
  -3.000000000000000   -3.500000000000000    3.181980515339703
  -2.000000000000000   -3.500000000000000    3.181980515339703
  -1.000000000000000   -3.500000000000000    3.181980515339703
   0.000000000000000   -3.500000000000000    3.181980515339703
   1.000000000000000   -3.500000000000000    3.181980515339703
   2.000000000000000   -3.500000000000000    3.181980515339703
   3.000000000000000   -3.500000000000000    3.181980515339703
   4.000000000000000   -3.500000000000000    3.181980515339703
  -4.000000000000000   -2.500000000000000    3.181980515339703
  -3.000000000000000   -2.500000000000000    3.181980515339703
  -2.000000000000000   -2.500000000000000    3.181980515339703
  -1.000000000000000   -2.500000000000000    3.181980515339703
   0.000000000000000   -2.500000000000000    3.181980515339703
   1.000000000000000   -2.500000000000000    3.181980515339703
   2.000000000000000   -2.500000000000000    3.181980515339703
   3.000000000000000   -2.500000000000000    3.181980515339703
   4.000000000000000   -2.500000000000000    3.181980515339703
  -4.000000000000000   -1.500000000000000    3.181980515339703
  -3.000000000000000   -1.500000000000000    3.181980515339703
  -2.000000000000000   -1.500000000000000    3.181980515339703
  -1.000000000000000   -1.500000000000000    3.181980515339703
   0.000000000000000   -1.500000000000000    3.181980515339703
   1.000000000000000   -1.500000000000000    3.181980515339703
   2.000000000000000   -1.500000000000000    3.181980515339703
   3.000000000000000   -1.500000000000000    3.181980515339703
   4.000000000000000   -1.500000000000000    3.181980515339703
  -4.000000000000000   -0.500000000000000    3.181980515339703
  -3.000000000000000   -0.500000000000000    3.181980515339703
  -2.000000000000000   -0.500000000000000    3.181980515339703
  -1.000000000000000   -0.500000000000000    3.181980515339703
   0.000000000000000   -0.500000000000000    3.181980515339703
   1.000000000000000   -0.500000000000000    3.181980515339703
   2.000000000000000   -0.500000000000000    3.181980515339703
   3.000000000000000   -0.500000000000000    3.181980515339703
   4.000000000000000   -0.500000000000000    3.181980515339703
  -4.000000000000000    0.500000000000000    3.181980515339703
  -3.000000000000000    0.500000000000000    3.181980515339703
  -2.000000000000000    0.500000000000000    3.181980515339703
  -1.000000000000000    0.500000000000000    3.181980515339703
   0.000000000000000    0.500000000000000    3.181980515339703
   1.000000000000000    0.500000000000000    3.181980515339703
   2.000000000000000    0.500000000000000    3.181980515339703
   3.000000000000000    0.500000000000000    3.181980515339703
   4.000000000000000    0.500000000000000    3.181980515339703
  -4.000000000000000    1.500000000000000    3.181980515339703
  -3.000000000000000    1.500000000000000    3.181980515339703
  -2.000000000000000    1.500000000000000    3.181980515339703
  -1.000000000000000    1.500000000000000    3.181980515339703
   0.000000000000000    1.500000000000000    3.181980515339703
   1.000000000000000    1.500000000000000    3.181980515339703
   2.000000000000000    1.500000000000000    3.181980515339703
   3.000000000000000    1.500000000000000    3.181980515339703
   4.000000000000000    1.500000000000000    3.181980515339703
  -4.000000000000000    2.500000000000000    3.181980515339703
  -3.000000000000000    2.500000000000000    3.181980515339703
  -2.000000000000000    2.500000000000000    3.181980515339703
  -1.000000000000000    2.500000000000000    3.181980515339703
   0.000000000000000    2.500000000000000    3.181980515339703
   1.000000000000000    2.500000000000000    3.181980515339703
   2.000000000000000    2.500000000000000    3.181980515339703
   3.000000000000000    2.500000000000000    3.181980515339703
   4.000000000000000    2.500000000000000    3.181980515339703
  -4.000000000000000    3.500000000000000    3.181980515339703
  -3.000000000000000    3.500000000000000    3.181980515339703
  -2.000000000000000    3.500000000000000    3.181980515339703
  -1.000000000000000    3.500000000000000    3.181980515339703
   0.000000000000000    3.500000000000000    3.181980515339703
   1.000000000000000    3.500000000000000    3.181980515339703
   2.000000000000000    3.500000000000000    3.181980515339703
   3.000000000000000    3.500000000000000    3.181980515339703
   4.000000000000000    3.500000000000000    3.181980515339703
  -4.000000000000000    4.500000000000000    3.181980515339703
  -3.000000000000000    4.500000000000000    3.181980515339703
  -2.000000000000000    4.500000000000000    3.181980515339703
  -1.000000000000000    4.500000000000000    3.181980515339703
   0.000000000000000    4.500000000000000    3.181980515339703
   1.000000000000000    4.500000000000000    3.181980515339703
   2.000000000000000    4.500000000000000    3.181980515339703
   3.000000000000000    4.500000000000000    3.181980515339703
   4.000000000000000    4.500000000000000    3.181980515339703
  -3.500000000000000   -4.000000000000000    3.889087296526249
  -2.500000000000000   -4.000000000000000    3.889087296526249
  -1.500000000000000   -4.000000000000000    3.889087296526249
  -0.500000000000000   -4.000000000000000    3.889087296526249
   0.500000000000000   -4.000000000000000    3.889087296526249
   1.500000000000000   -4.000000000000000    3.889087296526249
   2.500000000000000   -4.000000000000000    3.889087296526249
   3.500000000000000   -4.000000000000000    3.889087296526249
  -3.500000000000000   -3.000000000000000    3.889087296526249
  -2.500000000000000   -3.000000000000000    3.889087296526249
  -1.500000000000000   -3.000000000000000    3.889087296526249
  -0.500000000000000   -3.000000000000000    3.889087296526249
   0.500000000000000   -3.000000000000000    3.889087296526249
   1.500000000000000   -3.000000000000000    3.889087296526249
   2.500000000000000   -3.000000000000000    3.889087296526249
   3.500000000000000   -3.000000000000000    3.889087296526249
  -3.500000000000000   -2.000000000000000    3.889087296526249
  -2.500000000000000   -2.000000000000000    3.889087296526249
  -1.500000000000000   -2.000000000000000    3.889087296526249
  -0.500000000000000   -2.000000000000000    3.889087296526249
   0.500000000000000   -2.000000000000000    3.889087296526249
   1.500000000000000   -2.000000000000000    3.889087296526249
   2.500000000000000   -2.000000000000000    3.889087296526249
   3.500000000000000   -2.000000000000000    3.889087296526249
  -3.500000000000000   -1.000000000000000    3.889087296526249
  -2.500000000000000   -1.000000000000000    3.889087296526249
  -1.500000000000000   -1.000000000000000    3.889087296526249
  -0.500000000000000   -1.000000000000000    3.889087296526249
   0.500000000000000   -1.000000000000000    3.889087296526249
   1.500000000000000   -1.000000000000000    3.889087296526249
   2.500000000000000   -1.000000000000000    3.889087296526249
   3.500000000000000   -1.000000000000000    3.889087296526249
  -3.500000000000000    0.000000000000000    3.889087296526249
  -2.500000000000000    0.000000000000000    3.889087296526249
  -1.500000000000000    0.000000000000000    3.889087296526249
  -0.500000000000000    0.000000000000000    3.889087296526249
   0.500000000000000    0.000000000000000    3.889087296526249
   1.500000000000000    0.000000000000000    3.889087296526249
   2.500000000000000    0.000000000000000    3.889087296526249
   3.500000000000000    0.000000000000000    3.889087296526249
  -3.500000000000000    1.000000000000000    3.889087296526249
  -2.500000000000000    1.000000000000000    3.889087296526249
  -1.500000000000000    1.000000000000000    3.889087296526249
  -0.500000000000000    1.000000000000000    3.889087296526249
   0.500000000000000    1.000000000000000    3.889087296526249
   1.500000000000000    1.000000000000000    3.889087296526249
   2.500000000000000    1.000000000000000    3.889087296526249
   3.500000000000000    1.000000000000000    3.889087296526249
  -3.500000000000000    2.000000000000000    3.889087296526249
  -2.500000000000000    2.000000000000000    3.889087296526249
  -1.500000000000000    2.000000000000000    3.889087296526249
  -0.500000000000000    2.000000000000000    3.889087296526249
   0.500000000000000    2.000000000000000    3.889087296526249
   1.500000000000000    2.000000000000000    3.889087296526249
   2.500000000000000    2.000000000000000    3.889087296526249
   3.500000000000000    2.000000000000000    3.889087296526249
  -3.500000000000000    3.000000000000000    3.889087296526249
  -2.500000000000000    3.000000000000000    3.889087296526249
  -1.500000000000000    3.000000000000000    3.889087296526249
  -0.500000000000000    3.000000000000000    3.889087296526249
   0.500000000000000    3.000000000000000    3.889087296526249
   1.500000000000000    3.000000000000000    3.889087296526249
   2.500000000000000    3.000000000000000    3.889087296526249
   3.500000000000000    3.000000000000000    3.889087296526249
  -3.500000000000000    4.000000000000000    3.889087296526249
  -2.500000000000000    4.000000000000000    3.889087296526249
  -1.500000000000000    4.000000000000000    3.889087296526249
  -0.500000000000000    4.000000000000000    3.889087296526249
   0.500000000000000    4.000000000000000    3.889087296526249
   1.500000000000000    4.000000000000000    3.889087296526249
   2.500000000000000    4.000000000000000    3.889087296526249
   3.500000000000000    4.000000000000000    3.889087296526249
  -3.000000000000000   -3.500000000000000    4.596194077712795
  -2.000000000000000   -3.500000000000000    4.596194077712795
  -1.000000000000000   -3.500000000000000    4.596194077712795
   0.000000000000000   -3.500000000000000    4.596194077712795
   1.000000000000000   -3.500000000000000    4.596194077712795
   2.000000000000000   -3.500000000000000    4.596194077712795
   3.000000000000000   -3.500000000000000    4.596194077712795
  -3.000000000000000   -2.500000000000000    4.596194077712795
  -2.000000000000000   -2.500000000000000    4.596194077712795
  -1.000000000000000   -2.500000000000000    4.596194077712795
   0.000000000000000   -2.500000000000000    4.596194077712795
   1.000000000000000   -2.500000000000000    4.596194077712795
   2.000000000000000   -2.500000000000000    4.596194077712795
   3.000000000000000   -2.500000000000000    4.596194077712795
  -3.000000000000000   -1.500000000000000    4.596194077712795
  -2.000000000000000   -1.500000000000000    4.596194077712795
  -1.000000000000000   -1.500000000000000    4.596194077712795
   0.000000000000000   -1.500000000000000    4.596194077712795
   1.000000000000000   -1.500000000000000    4.596194077712795
   2.000000000000000   -1.500000000000000    4.596194077712795
   3.000000000000000   -1.500000000000000    4.596194077712795
  -3.000000000000000   -0.500000000000000    4.596194077712795
  -2.000000000000000   -0.500000000000000    4.596194077712795
  -1.000000000000000   -0.500000000000000    4.596194077712795
   0.000000000000000   -0.500000000000000    4.596194077712795
   1.000000000000000   -0.500000000000000    4.596194077712795
   2.000000000000000   -0.500000000000000    4.596194077712795
   3.000000000000000   -0.500000000000000    4.596194077712795
  -3.000000000000000    0.500000000000000    4.596194077712795
  -2.000000000000000    0.500000000000000    4.596194077712795
  -1.000000000000000    0.500000000000000    4.596194077712795
   0.000000000000000    0.500000000000000    4.596194077712795
   1.000000000000000    0.500000000000000    4.596194077712795
   2.000000000000000    0.500000000000000    4.596194077712795
   3.000000000000000    0.500000000000000    4.596194077712795
  -3.000000000000000    1.500000000000000    4.596194077712795
  -2.000000000000000    1.500000000000000    4.596194077712795
  -1.000000000000000    1.500000000000000    4.596194077712795
   0.000000000000000    1.500000000000000    4.596194077712795
   1.000000000000000    1.500000000000000    4.596194077712795
   2.000000000000000    1.500000000000000    4.596194077712795
   3.000000000000000    1.500000000000000    4.596194077712795
  -3.000000000000000    2.500000000000000    4.596194077712795
  -2.000000000000000    2.500000000000000    4.596194077712795
  -1.000000000000000    2.500000000000000    4.596194077712795
   0.000000000000000    2.500000000000000    4.596194077712795
   1.000000000000000    2.500000000000000    4.596194077712795
   2.000000000000000    2.500000000000000    4.596194077712795
   3.000000000000000    2.500000000000000    4.596194077712795
  -3.000000000000000    3.500000000000000    4.596194077712795
  -2.000000000000000    3.500000000000000    4.596194077712795
  -1.000000000000000    3.500000000000000    4.596194077712795
   0.000000000000000    3.500000000000000    4.596194077712795
   1.000000000000000    3.500000000000000    4.596194077712795
   2.000000000000000    3.500000000000000    4.596194077712795
   3.000000000000000    3.500000000000000    4.596194077712795
  -2.500000000000000   -3.000000000000000    5.303300858899341
  -1.500000000000000   -3.000000000000000    5.303300858899341
  -0.500000000000000   -3.000000000000000    5.303300858899341
   0.500000000000000   -3.000000000000000    5.303300858899341
   1.500000000000000   -3.000000000000000    5.303300858899341
   2.500000000000000   -3.000000000000000    5.303300858899341
  -2.500000000000000   -2.000000000000000    5.303300858899341
  -1.500000000000000   -2.000000000000000    5.303300858899341
  -0.500000000000000   -2.000000000000000    5.303300858899341
   0.500000000000000   -2.000000000000000    5.303300858899341
   1.500000000000000   -2.000000000000000    5.303300858899341
   2.500000000000000   -2.000000000000000    5.303300858899341
  -2.500000000000000   -1.000000000000000    5.303300858899341
  -1.500000000000000   -1.000000000000000    5.303300858899341
  -0.500000000000000   -1.000000000000000    5.303300858899341
   0.500000000000000   -1.000000000000000    5.303300858899341
   1.500000000000000   -1.000000000000000    5.303300858899341
   2.500000000000000   -1.000000000000000    5.303300858899341
  -2.500000000000000    0.000000000000000    5.303300858899341
  -1.500000000000000    0.000000000000000    5.303300858899341
  -0.500000000000000    0.000000000000000    5.303300858899341
   0.500000000000000    0.000000000000000    5.303300858899341
   1.500000000000000    0.000000000000000    5.303300858899341
   2.500000000000000    0.000000000000000    5.303300858899341
  -2.500000000000000    1.000000000000000    5.303300858899341
  -1.500000000000000    1.000000000000000    5.303300858899341
  -0.500000000000000    1.000000000000000    5.303300858899341
   0.500000000000000    1.000000000000000    5.303300858899341
   1.500000000000000    1.000000000000000    5.303300858899341
   2.500000000000000    1.000000000000000    5.303300858899341
  -2.500000000000000    2.000000000000000    5.303300858899341
  -1.500000000000000    2.000000000000000    5.303300858899341
  -0.500000000000000    2.000000000000000    5.303300858899341
   0.500000000000000    2.000000000000000    5.303300858899341
   1.500000000000000    2.000000000000000    5.303300858899341
   2.500000000000000    2.000000000000000    5.303300858899341
  -2.500000000000000    3.000000000000000    5.303300858899341
  -1.500000000000000    3.000000000000000    5.303300858899341
  -0.500000000000000    3.000000000000000    5.303300858899341
   0.500000000000000    3.000000000000000    5.303300858899341
   1.500000000000000    3.000000000000000    5.303300858899341
   2.500000000000000    3.000000000000000    5.303300858899341
  -2.000000000000000   -2.500000000000000    6.010407640085894
  -1.000000000000000   -2.500000000000000    6.010407640085894
   0.000000000000000   -2.500000000000000    6.010407640085894
   1.000000000000000   -2.500000000000000    6.010407640085894
   2.000000000000000   -2.500000000000000    6.010407640085894
  -2.000000000000000   -1.500000000000000    6.010407640085894
  -1.000000000000000   -1.500000000000000    6.010407640085894
   0.000000000000000   -1.500000000000000    6.010407640085894
   1.000000000000000   -1.500000000000000    6.010407640085894
   2.000000000000000   -1.500000000000000    6.010407640085894
  -2.000000000000000   -0.500000000000000    6.010407640085894
  -1.000000000000000   -0.500000000000000    6.010407640085894
   0.000000000000000   -0.500000000000000    6.010407640085894
   1.000000000000000   -0.500000000000000    6.010407640085894
   2.000000000000000   -0.500000000000000    6.010407640085894
  -2.000000000000000    0.500000000000000    6.010407640085894
  -1.000000000000000    0.500000000000000    6.010407640085894
   0.000000000000000    0.500000000000000    6.010407640085894
   1.000000000000000    0.500000000000000    6.010407640085894
   2.000000000000000    0.500000000000000    6.010407640085894
  -2.000000000000000    1.500000000000000    6.010407640085894
  -1.000000000000000    1.500000000000000    6.010407640085894
   0.000000000000000    1.500000000000000    6.010407640085894
   1.000000000000000    1.500000000000000    6.010407640085894
   2.000000000000000    1.500000000000000    6.010407640085894
  -2.000000000000000    2.500000000000000    6.010407640085894
  -1.000000000000000    2.500000000000000    6.010407640085894
   0.000000000000000    2.500000000000000    6.010407640085894
   1.000000000000000    2.500000000000000    6.010407640085894
   2.000000000000000    2.500000000000000    6.010407640085894
