# N, version, radius
   38   1  1.459949148272317
   39   1  1.555450623113114
   40   1  1.645418416800082
   40   2  1.645418416800082
   41   1  1.730715716617493
   41   2  1.730715716617493
   41   3  1.626606399191212
   43   1  1.627113301513633
   45   1  1.662530360799945
   47   1  1.730715716617493
   48   1  1.812002212236154
   48   2  1.735439902953965
   52   1  1.685804067516373
   54   1  1.753084437561396
   56   1  1.817876435950795
   57   1  1.895428674940600
   57   2  1.822374687434839
   61   1  1.807233627741393
   63   1  1.870150549128204
   65   1  1.931018582916729
   68   1  1.890434318299603
   70   1  1.950669526847152
   70   2  1.921002711196391
   71   1  1.956127378829543
   71   2  1.926544610347845
   75   1  1.971379819463726
   79   1  2.015217767269168
   80   1  2.085444263201308
   82   1  2.047922586221071
   86   1  2.090155777946443
   88   1  2.144789236090136
   90   1  2.198065185205688
   90   2  2.153559460869985
   94   1  2.167422990992971
   94   2  2.167422990992971
   94   3  2.193759924976095
   98   1  2.207370988033823
  102   1  2.246608763390261
  104   1  2.297524891466276
  104   2  2.254983019890933
  108   1  2.293406347973453
  112   1  2.331196459729088
  116   1  2.368383666296897
  116   2  2.343821054889727
  120   1  2.380811079080592
  124   1  2.417235125344945
  124   2  2.417235125344945
  128   1  2.453118404832896
  128   2  2.453118404832896
  128   3  2.460634459078176
  132   1  2.488484310792093
  132   2  2.488484310792093
  136   1  2.523354596957569
  140   1  2.557749534046561
  140   2  2.542296335707328
  144   1  2.576438416783799
  148   1  2.610133937637667
  152   1  2.643399975284939
  152   2  2.621415529041299
  158   1  2.665490271064007
  162   1  2.698073876317210
  166   1  2.730268649600965
  166   2  2.730268649600965
  166   3  2.730268649600965
  170   1  2.762088187571566
  170   2  2.741055837170202
  176   1  2.783236625176314
  182   1  2.824787624045539
  186   1  2.855554127991508
  192   1  2.869587479171309
  201   1  2.919898296544633
  205   1  2.949672917306722
  209   1  2.979149975416016
  209   2  2.979149975416016
  213   1  3.008338217845485
  213   2  3.008338217845485
  213   3  2.989039106387237
  219   1  3.027767129214235
  225   1  3.066006000970679
  231   1  3.103773800911757
  235   1  3.131800770188729
  235   2  3.107330040025379
  244   1  3.153850620938097
  250   1  3.190578748194381
  256   1  3.226888866643477
  260   1  3.253855561421885
  260   2  3.230309571555880
  269   1  3.275083768338305
  275   1  3.310467142092040
  281   1  3.345476305118456
  288   1  3.357462528582627
  294   1  3.391986680409350
  294   2  3.391986680409350
  296   1  3.395128327370100
  296   2  3.395128327370100
  305   1  3.437756553460177
  314   1  3.479862624070941
  318   1  3.504883470150526
  324   1  3.516326358866851
  333   1  3.557502610485241
  339   1  3.590103596394860
  345   1  3.622411191745811
  345   2  3.596144424588876
  354   1  3.636416984347252
  354   2  3.636416984347252
  354   3  3.636416984347252
  363   1  3.676248392804363
  372   1  3.715652837274248
  378   1  3.746878035963029
  378   2  3.721489875950024
  387   1  3.760420276823593
  396   1  3.798951752772536
  405   1  3.837096321626683
  405   2  3.807462150669961
  414   1  3.845522303970142
  423   1  3.883209439610402
  423   2  3.883209439610402
  432   1  3.920534314787569
  432   2  3.920534314787569
  432   3  3.925241565368924
  441   1  3.957507179396436
  441   2  3.957507179396436
  450   1  3.994137808904675
  459   1  4.030435534538337
  459   2  4.006844453991905
  468   1  4.043028102800324
  477   1  4.078890780785960
  486   1  4.114440880985921
  486   2  4.086818274706070
  498   1  4.129359771723517
  507   1  4.164479065366519
  516   1  4.199304662372510
  516   2  4.199304662372510
  516   3  4.199304662372510
  525   1  4.233843810176634
  525   2  4.207005259839153
  537   1  4.248343414811391
  549   1  4.289283190001368
  558   1  4.323103520108651
  570   1  4.333045161742842
  586   1  4.379847444816949
  595   1  4.412973759429923
  604   1  4.445853254771750
  604   2  4.445853254771750
  613   1  4.478491367024398
  613   2  4.478491367024398
  613   3  4.453127527014622
  625   1  4.492201385257830
  637   1  4.530938291300089
  649   1  4.569346814745667
  658   1  4.601109004900217
  658   2  4.572387985423386
  674   1  4.616764576563399
  686   1  4.654464917610576
  698   1  4.691862336335608
  707   1  4.722800646297928
  707   2  4.694824145688780
  723   1  4.738054139106990
  735   1  4.774796910756088
  747   1  4.811259092256712
  760   1  4.820194019015223
  772   1  4.856315361959840
  772   2  4.856315361959840
  775   1  4.858510225783577
  775   2  4.858510225783577
  791   1  4.900296407382933
  807   1  4.941729266802926
  816   1  4.971112743433213
  828   1  4.979760861331730
  844   1  5.020537969403064
  856   1  5.055227988535714
  868   1  5.089681574512481
  868   2  5.060084417391574
  884   1  5.100219365605320
  884   2  5.100219365605320
  884   3  5.100219365605320
  900   1  5.140040937916938
  916   1  5.179556362240741
  928   1  5.213188335700672
  928   2  5.184296326858905
  944   1  5.223476971409871
  960   1  5.262365906796652
  976   1  5.300969553127262
  976   2  5.269055128892313
  992   1  5.307610122971815
 1008   1  5.345887062372286
 1008   2  5.345887062372285
 1024   1  5.383891877611018
 1024   2  5.383891877611019
 1024   3  5.387320649718090
 1040   1  5.421630291339718
 1040   2  5.421630291339718
 1056   1  5.459107828403731
 1072   1  5.496329825283905
 1072   2  5.468933838464550
 1088   1  5.506089410431790
 1104   1  5.542995928361809
 1120   1  5.579658334342892
 1120   2  5.549346887348658
 1140   1  5.591179562006772
 1156   1  5.627528068412342
 1172   1  5.663643299761669
 1172   2  5.663643299761669
 1172   3  5.663643299761669
 1188   1  5.699529690518486
 1188   2  5.669859120051035
 1208   1  5.710809089761440
 1228   1  5.751467506487184
 1244   1  5.786809288748368
 1264   1  5.794733080813256
 1289   1  5.839796593089266
 1305   1  5.874607009394203
 1321   1  5.909212365534851
 1321   2  5.909212365534852
 1337   1  5.943616243261042
 1337   2  5.943616243261042
 1337   3  5.915170140856529
 1357   1  5.954433290730248
 1377   1  5.993439232380073
 1397   1  6.032192955361147
 1413   1  6.065899365871078
 1413   2  6.034970325687297
 1438   1  6.078253005816041
 1458   1  6.116469375480249
 1478   1  6.154448443172122
 1494   1  6.187488901471278
 1494   2  6.157170666863258
 1519   1  6.199600260635104
 1539   1  6.237073144524028
 1559   1  6.274322228625085
 1580   1  6.281631090898760
 1600   1  6.318617505485037
 1600   2  6.318617505485037
 1604   1  6.320304573346002
 1604   2  6.320304573346003
 1629   1  6.361646223317035
 1654   1  6.402720940461906
 1670   1  6.434486670092331
 1690   1  6.441613807201033
 1715   1  6.482181824965147
 1735   1  6.518030318308169
 1755   1  6.553682724152925
 1755   2  6.522235577686422
 1780   1  6.562305212470999
 1780   2  6.562305212470999
 1780   3  6.562305212470998
 1805   1  6.602131661244688
 1830   1  6.641719298735459
 1850   1  6.676711260918136
 1850   2  6.645846292508508
 1875   1  6.685175069841820
 1900   1  6.724273825865517
 1925   1  6.763146549942976
 1925   2  6.729934539422397
 1950   1  6.768774754392118
 1975   1  6.807393366515671
 1975   2  6.807393366515672
 2000   1  6.845794126123504
 2000   2  6.845794126123505
 2000   3  6.848491019950317
 2025   1  6.883980678942422
 2025   2  6.883980678942422
 2050   1  6.921956570135215
 2075   1  6.959725248141882
 2075   2  6.930120865583921
 2100   1  6.967845289785582
 2125   1  7.005366568079977
 2150   1  7.042687947364851
 2150   2  7.010800323277159
 2180   1  7.052224379297509
 2205   1  7.089299081484969
 2230   1  7.126180901263251
 2230   2  7.126180901263251
 2230   3  7.126180901263251
 2255   1  7.162872818102707
 2255   2  7.131522604410619
 2285   1  7.172249450508161
 2315   1  7.212746335717735
 2340   1  7.249000101682654
 2370   1  7.255720888590054
 2406   1  7.299745741361582
 2431   1  7.335569552482756
 2456   1  7.371219263466362
 2456   2  7.371219263466362
 2481   1  7.406697388234723
 2481   2  7.406697388234723
 2481   3  7.376383521061527
 2511   1  7.415765730717432
 2541   1  7.454939898884367
 2571   1  7.493909288153484
 2596   1  7.528809281012407
 2596   2  7.496526182552189
 2632   1  7.539144983424512
 2662   1  7.577681347496079
 2692   1  7.616022723658655
 2717   1  7.650365670872896
 2717   2  7.618597673712823
 2753   1  7.660537369487009
 2783   1  7.698466101269910
 2813   1  7.736208880032709
 2844   1  7.742506762956289
 2874   1  7.780035893073944
 2874   2  7.780035893073943
 2879   1  7.781406120795606
 2879   2  7.781406120795606
 2915   1  7.822472978039606
 2951   1  7.863325363201267
 2976   1  7.896592843647812
 3006   1  7.902762914150770
 3042   1  7.943202373896895
 3072   1  7.979787683627697
 3102   1  8.016206022731156
 3102   2  7.983580811993460
 3138   1  8.023612955335935
 3138   2  8.023612955335935
 3138   3  8.023612955335937
 3174   1  8.063446355773639
 3210   1  8.103083944267372
 3240   1  8.138950603790311
 3240   2  8.106819383315354
 3276   1  8.146245932274697
 3312   1  8.185482579818158
 3348   1  8.224532043825414
 3348   2  8.190482213496155
 3384   1  8.229507954003166
 3420   1  8.268349499168856
 3420   2  8.268349499168858
 3456   1  8.307009432750778
 3456   2  8.307009432750776
 3456   3  8.309232079373126
 3492   1  8.345490278660380
 3492   2  8.345490278660378
 3528   1  8.383794502885873
 3564   1  8.421924515336379
 3564   2  8.390876958029045
 3600   1  8.428974931756962
 3636   1  8.466901480210561
 3672   1  8.504658896804520
 3672   2  8.471735034848653
 3714   1  8.512893252496246
 3750   1  8.550447579150498
 3786   1  8.587837683561858
 3786   2  8.587837683561858
 3786   3  8.587837683561860
 3822   1  8.625065701466259
 3822   2  8.592603208824171
 3864   1  8.633185213581918
 3906   1  8.673577345001510
 3942   1  8.710438923218964
 3984   1  8.716360638446227
 4033   1  8.759694889633899
