-5.940000 -5.940000 0.000000
-5.940000 -1.980000 -3.960000
-5.940000 -3.960000 -1.980000
-7.920000 -1.980000 -1.980000
-7.920000 -3.960000 0.000000
-5.940000 -3.960000 1.980000
-7.920000 -1.980000 1.980000
-5.940000 -1.980000 3.960000
-5.940000 0.000000 -5.940000
-7.920000 0.000000 -3.960000
-5.940000 1.980000 -3.960000
-7.920000 1.980000 -1.980000
-7.920000 0.000000 0.000000
-7.920000 1.980000 1.980000
-7.920000 0.000000 3.960000
-5.940000 1.980000 3.960000
-5.940000 0.000000 5.940000
-5.940000 3.960000 -1.980000
-7.920000 3.960000 0.000000
-5.940000 5.940000 0.000000
-5.940000 3.960000 1.980000
-1.980000 -5.940000 -3.960000
-1.980000 -7.920000 -1.980000
-3.960000 -5.940000 -1.980000
-3.960000 -7.920000 0.000000
-1.980000 -7.920000 1.980000
-3.960000 -5.940000 1.980000
-1.980000 -5.940000 3.960000
-1.980000 -1.980000 -7.920000
-1.980000 -3.960000 -5.940000
-3.960000 -1.980000 -5.940000
-3.960000 -3.960000 -3.960000
-3.960000 -3.960000 3.960000
-1.980000 -3.960000 5.940000
-3.960000 -1.980000 5.940000
-1.980000 -1.980000 7.920000
-3.960000 0.000000 -7.920000
-1.980000 1.980000 -7.920000
-3.960000 1.980000 -5.940000
-3.960000 1.980000 5.940000
-3.960000 0.000000 7.920000
-1.980000 1.980000 7.920000
-1.980000 3.960000 -5.940000
-3.960000 3.960000 -3.960000
-1.980000 5.940000 -3.960000
-3.960000 5.940000 -1.980000
-3.960000 5.940000 1.980000
-3.960000 3.960000 3.960000
-1.980000 5.940000 3.960000
-1.980000 3.960000 5.940000
-1.980000 7.920000 -1.980000
-3.960000 7.920000 0.000000
-1.980000 7.920000 1.980000
0.000000 -5.940000 -5.940000
0.000000 -7.920000 -3.960000
1.980000 -5.940000 -3.960000
1.980000 -7.920000 -1.980000
0.000000 -7.920000 0.000000
1.980000 -7.920000 1.980000
0.000000 -7.920000 3.960000
1.980000 -5.940000 3.960000
0.000000 -5.940000 5.940000
0.000000 -3.960000 -7.920000
1.980000 -1.980000 -7.920000
1.980000 -3.960000 -5.940000
1.980000 -3.960000 5.940000
0.000000 -3.960000 7.920000
1.980000 -1.980000 7.920000
0.000000 0.000000 -7.920000
1.980000 1.980000 -7.920000
0.000000 0.000000 7.920000
1.980000 1.980000 7.920000
0.000000 3.960000 -7.920000
1.980000 3.960000 -5.940000
0.000000 5.940000 -5.940000
1.980000 5.940000 -3.960000
1.980000 5.940000 3.960000
1.980000 3.960000 5.940000
0.000000 5.940000 5.940000
0.000000 3.960000 7.920000
0.000000 7.920000 -3.960000
1.980000 7.920000 -1.980000
0.000000 7.920000 0.000000
1.980000 7.920000 1.980000
0.000000 7.920000 3.960000
3.960000 -5.940000 -1.98000
3.960000 -7.920000 0.000000
5.940000 -5.940000 0.000000
3.960000 -5.940000 1.980000
3.960000 -1.980000 -5.940000
3.960000 -3.960000 -3.960000
5.940000 -1.980000 -3.960000
5.940000 -3.960000 -1.980000
5.940000 -3.960000 1.980000
3.960000 -3.960000 3.960000
5.940000 -1.980000 3.960000
3.960000 -1.980000 5.940000
3.960000 0.000000 -7.920000
5.940000 0.000000 -5.940000
3.960000 1.980000 -5.940000
5.940000 1.980000 -3.960000
5.940000 1.980000 3.960000
5.940000 0.000000 5.940000
3.960000 1.980000 5.940000
3.960000 0.000000 7.920000
3.960000 3.960000 -3.960000
5.940000 3.960000 -1.980000
3.960000 5.940000 -1.980000
5.940000 5.940000 0.000000
5.940000 3.960000 1.980000
3.960000 5.940000 1.980000
3.960000 3.960000 3.960000
3.960000 7.920000 0.000000
7.920000 -1.980000 -1.980000
7.920000 -3.960000 0.000000
7.920000 -1.980000 1.980000
7.920000 0.000000 -3.960000
7.920000 1.980000 -1.980000
7.920000 0.000000 0.000000
7.920000 1.980000 1.980000
7.920000 0.000000 3.960000
7.920000 3.960000 0.000000
-5.374508 -5.374508 -5.374508
-5.374508 -5.374508 5.374508
-5.374508 5.374508 -5.374508
-5.374508 5.374508 5.374508
5.374508 -5.374508 -5.374508
5.374508 -5.374508 5.374508
5.374508 5.374508 -5.374508
5.374508 5.374508 5.374508
-2.198242 -7.996518 -5.097380
-2.198242 -5.097380 -7.996518
-2.198242 -5.097380 7.996518
-2.198242 -7.996518 5.097380
-2.198242 7.996518 -5.097380
-2.198242 7.996518 5.097380
-2.198242 5.097380 -7.996518
-2.198242 5.097380 7.996518
-7.996518 -2.198242 -5.097380
-5.097380 -2.198242 -7.996518
-5.097380 -2.198242 7.996518
-7.996518 -2.198242 5.097380
-7.996518 -5.097380 -2.198242
-5.097380 -7.996518 -2.198242
-7.996518 -5.097380 2.198242
-5.097380 -7.996518 2.198242
-5.097380 7.996518 -2.198242
-5.097380 7.996518 2.198242
-7.996518 5.097380 -2.198242
-7.996518 2.198242 -5.097380
-5.097380 2.198242 -7.996518
-5.097380 2.198242 7.996518
-7.996518 2.198242 5.097380
-7.996518 5.097380 2.198242
7.996518 -2.198242 -5.097380
7.996518 -2.198242 5.097380
7.996518 -5.097380 -2.198242
7.996518 -5.097380 2.198242
7.996518 5.097380 -2.198242
7.996518 2.198242 -5.097380
7.996518 2.198242 5.097380
7.996518 5.097380 2.198242
5.097380 -2.198242 -7.996518
5.097380 -2.198242 7.996518
5.097380 -7.996518 -2.198242
2.198242 -7.996518 -5.097380
2.198242 -5.097380 -7.996518
2.198242 -5.097380 7.996518
2.198242 -7.996518 5.097380
5.097380 -7.996518 2.198242
5.097380 7.996518 -2.198242
2.198242 7.996518 -5.097380
2.198242 7.996518 5.097380
5.097380 7.996518 2.198242
2.198242 5.097380 -7.996518
5.097380 2.198242 -7.996518
2.198242 5.097380 7.996518
5.097380 2.198242 7.996518
-9.890000 2.899138 0.000000
-9.890000 -2.899138 0.000000
-9.890000 0.000000 2.899138
-9.890000 0.000000 -2.899138
2.899138 -9.890000 0.000000
-2.899138 -9.890000 0.000000
0.000000 -9.890000 2.899138
0.000000 -9.890000 -2.899138
2.899138 0.000000 -9.890000
-2.899138 0.000000 -9.890000
0.000000 2.899138 -9.890000
0.000000 -2.899138 -9.890000
2.899138 0.000000 9.890000
-2.899138 0.000000 9.890000
0.000000 2.899138 9.890000
0.000000 -2.899138 9.890000
2.899138 9.890000 0.000000
-2.899138 9.890000 0.000000
0.000000 9.890000 2.899138
0.000000 9.890000 -2.899138
9.890000 2.899138 0.000000
9.890000 -2.899138 0.000000
9.890000 0.000000 2.899138
9.890000 0.000000 -2.899138