-21.779824 -13.859630 0.000418
-21.779824 -9.899630 -3.959582
-21.779824 -11.879630 -1.979582
-23.759824 -9.899630 -1.979582
-23.759824 -11.879630 0.000418
-21.779824 -11.879630 1.980418
-23.759824 -9.899630 1.980418
-21.779824 -9.899630 3.960418
-21.779824 -5.939630 -7.919582
-21.779824 -7.919630 -5.939582
-23.759824 -5.939630 -5.939582
-23.759824 -7.919630 -3.959582
-23.759824 -5.939630 -1.979582
-23.759824 -7.919630 0.000418
-23.759824 -5.939630 1.980418
-23.759824 -7.919630 3.960418
-21.779824 -7.919630 5.940418
-23.759824 -5.939630 5.940418
-21.779824 -5.939630 7.920418
-21.779824 -1.979630 -11.879582
-21.779824 -3.959630 -9.899582
-23.759824 -1.979630 -9.899582
-23.759824 -3.959630 -7.919582
-23.759824 -1.979630 -5.939582
-23.759824 -3.959630 -3.959582
-23.759824 -1.979630 -1.979582
-23.759824 -3.959630 0.000418
-23.759824 -1.979630 1.980418
-23.759824 -3.959630 3.960418
-23.759824 -1.979630 5.940418
-23.759824 -3.959630 7.920418
-21.779824 -3.959630 9.900418
-23.759824 -1.979630 9.900418
-21.779824 -1.979630 11.880418
-21.779824 0.000370 -13.859582
-23.759824 0.000370 -11.879582
-21.779824 1.980370 -11.879582
-23.759824 1.980370 -9.899582
-23.759824 0.000370 -7.919582
-23.759824 1.980370 -5.939582
-23.759824 0.000370 -3.959582
-23.759824 1.980370 -1.979582
-23.759824 0.000370 0.000418
-23.759824 1.980370 1.980418
-23.759824 0.000370 3.960418
-23.759824 1.980370 5.940418
-23.759824 0.000370 7.920418
-23.759824 1.980370 9.900418
-23.759824 0.000370 11.880418
-21.779824 1.980370 11.880418
-21.779824 0.000370 13.860418
-21.779824 3.960370 -9.899582
-23.759824 3.960370 -7.919582
-21.779824 5.940370 -7.919582
-23.759824 5.940370 -5.939582
-23.759824 3.960370 -3.959582
-23.759824 5.940370 -1.979582
-23.759824 3.960370 0.000418
-23.759824 5.940370 1.980418
-23.759824 3.960370 3.960418
-23.759824 5.940370 5.940418
-23.759824 3.960370 7.920418
-21.779824 5.940370 7.920418
-21.779824 3.960370 9.900418
-21.779824 7.920370 -5.939582
-23.759824 7.920370 -3.959582
-21.779824 9.900370 -3.959582
-23.759824 9.900370 -1.979582
-23.759824 7.920370 0.000418
-23.759824 9.900370 1.980418
-23.759824 7.920370 3.960418
-21.779824 9.900370 3.960418
-21.779824 7.920370 5.940418
-21.779824 11.880370 -1.979582
-23.759824 11.880370 0.000418
-21.779824 13.860370 0.000418
-21.779824 11.880370 1.980418
-17.819824 -17.819630 0.000418
-17.819824 -13.859630 -3.959582
-17.819824 -15.839630 -1.979582
-19.799824 -13.859630 -1.979582
-19.799824 -15.839630 0.000418
-17.819824 -15.839630 1.980418
-19.799824 -13.859630 1.980418
-17.819824 -13.859630 3.960418
-17.819824 -9.899630 -7.919582
-17.819824 -11.879630 -5.939582
-19.799824 -9.899630 -5.939582
-19.799824 -11.879630 -3.959582
-19.799824 -11.879630 3.960418
-17.819824 -11.879630 5.940418
-19.799824 -9.899630 5.940418
-17.819824 -9.899630 7.920418
-17.819824 -5.939630 -11.879582
-17.819824 -7.919630 -9.899582
-19.799824 -5.939630 -9.899582
-19.799824 -7.919630 -7.919582
-19.799824 -7.919630 7.920418
-17.819824 -7.919630 9.900418
-19.799824 -5.939630 9.900418
-17.819824 -5.939630 11.880418
-17.819824 -1.979630 -15.839582
-17.819824 -3.959630 -13.859582
-19.799824 -1.979630 -13.859582
-19.799824 -3.959630 -11.879582
-19.799824 -3.959630 11.880418
-17.819824 -3.959630 13.860418
-19.799824 -1.979630 13.860418
-17.819824 -1.979630 15.840418
-17.819824 0.000370 -17.819582
-19.799824 0.000370 -15.839582
-17.819824 1.980370 -15.839582
-19.799824 1.980370 -13.859582
-19.799824 1.980370 13.860418
-19.799824 0.000370 15.840418
-17.819824 1.980370 15.840418
-17.819824 0.000370 17.820418
-17.819824 3.960370 -13.859582
-19.799824 3.960370 -11.879582
-17.819824 5.940370 -11.879582
-19.799824 5.940370 -9.899582
-19.799824 5.940370 9.900418
-19.799824 3.960370 11.880418
-17.819824 5.940370 11.880418
-17.819824 3.960370 13.860418
-17.819824 7.920370 -9.899582
-19.799824 7.920370 -7.919582
-17.819824 9.900370 -7.919582
-19.799824 9.900370 -5.939582
-19.799824 9.900370 5.940418
-19.799824 7.920370 7.920418
-17.819824 9.900370 7.920418
-17.819824 7.920370 9.900418
-17.819824 11.880370 -5.939582
-19.799824 11.880370 -3.959582
-17.819824 13.860370 -3.959582
-19.799824 13.860370 -1.979582
-19.799824 13.860370 1.980418
-19.799824 11.880370 3.960418
-17.819824 13.860370 3.960418
-17.819824 11.880370 5.940418
-17.819824 15.840370 -1.979582
-19.799824 15.840370 0.000418
-17.819824 17.820370 0.000418
-17.819824 15.840370 1.980418
-13.859824 -21.779630 0.000418
-13.859824 -17.819630 -3.959582
-13.859824 -19.799630 -1.979582
-15.839824 -17.819630 -1.979582
-15.839824 -19.799630 0.000418
-13.859824 -19.799630 1.980418
-15.839824 -17.819630 1.980418
-13.859824 -17.819630 3.960418
-13.859824 -13.859630 -7.919582
-13.859824 -15.839630 -5.939582
-15.839824 -13.859630 -5.939582
-15.839824 -15.839630 -3.959582
-15.839824 -15.839630 3.960418
-13.859824 -15.839630 5.940418
-15.839824 -13.859630 5.940418
-13.859824 -13.859630 7.920418
-13.859824 -9.899630 -11.879582
-13.859824 -11.879630 -9.899582
-15.839824 -9.899630 -9.899582
-15.839824 -11.879630 -7.919582
-15.839824 -11.879630 7.920418
-13.859824 -11.879630 9.900418
-15.839824 -9.899630 9.900418
-13.859824 -9.899630 11.880418
-13.859824 -5.939630 -15.839582
-13.859824 -7.919630 -13.859582
-15.839824 -5.939630 -13.859582
-15.839824 -7.919630 -11.879582
-15.839824 -7.919630 11.880418
-13.859824 -7.919630 13.860418
-15.839824 -5.939630 13.860418
-13.859824 -5.939630 15.840418
-13.859824 -1.979630 -19.799582
-13.859824 -3.959630 -17.819582
-15.839824 -1.979630 -17.819582
-15.839824 -3.959630 -15.839582
-15.839824 -3.959630 15.840418
-13.859824 -3.959630 17.820418
-15.839824 -1.979630 17.820418
-13.859824 -1.979630 19.800418
-13.859824 0.000370 -21.779582
-15.839824 0.000370 -19.799582
-13.859824 1.980370 -19.799582
-15.839824 1.980370 -17.819582
-15.839824 1.980370 17.820418
-15.839824 0.000370 19.800418
-13.859824 1.980370 19.800418
-13.859824 0.000370 21.780418
-13.859824 3.960370 -17.819582
-15.839824 3.960370 -15.839582
-13.859824 5.940370 -15.839582
-15.839824 5.940370 -13.859582
-15.839824 5.940370 13.860418
-15.839824 3.960370 15.840418
-13.859824 5.940370 15.840418
-13.859824 3.960370 17.820418
-13.859824 7.920370 -13.859582
-15.839824 7.920370 -11.879582
-13.859824 9.900370 -11.879582
-15.839824 9.900370 -9.899582
-15.839824 9.900370 9.900418
-15.839824 7.920370 11.880418
-13.859824 9.900370 11.880418
-13.859824 7.920370 13.860418
-13.859824 11.880370 -9.899582
-15.839824 11.880370 -7.919582
-13.859824 13.860370 -7.919582
-15.839824 13.860370 -5.939582
-15.839824 13.860370 5.940418
-15.839824 11.880370 7.920418
-13.859824 13.860370 7.920418
-13.859824 11.880370 9.900418
-13.859824 15.840370 -5.939582
-15.839824 15.840370 -3.959582
-13.859824 17.820370 -3.959582
-15.839824 17.820370 -1.979582
-15.839824 17.820370 1.980418
-15.839824 15.840370 3.960418
-13.859824 17.820370 3.960418
-13.859824 15.840370 5.940418
-13.859824 19.800370 -1.979582
-15.839824 19.800370 0.000418
-13.859824 21.780370 0.000418
-13.859824 19.800370 1.980418
-9.899824 -21.779630 -3.959582
-9.899824 -23.759630 -1.979582
-11.879824 -21.779630 -1.979582
-11.879824 -23.759630 0.000418
-9.899824 -23.759630 1.980418
-11.879824 -21.779630 1.980418
-9.899824 -21.779630 3.960418
-9.899824 -17.819630 -7.919582
-9.899824 -19.799630 -5.939582
-11.879824 -17.819630 -5.939582
-11.879824 -19.799630 -3.959582
-11.879824 -19.799630 3.960418
-9.899824 -19.799630 5.940418
-11.879824 -17.819630 5.940418
-9.899824 -17.819630 7.920418
-9.899824 -13.859630 -11.879582
-9.899824 -15.839630 -9.899582
-11.879824 -13.859630 -9.899582
-11.879824 -15.839630 -7.919582
-11.879824 -15.839630 7.920418
-9.899824 -15.839630 9.900418
-11.879824 -13.859630 9.900418
-9.899824 -13.859630 11.880418
-9.899824 -9.899630 -15.839582
-9.899824 -11.879630 -13.859582
-11.879824 -9.899630 -13.859582
-11.879824 -11.879630 -11.879582
-11.879824 -11.879630 11.880418
-9.899824 -11.879630 13.860418
-11.879824 -9.899630 13.860418
-9.899824 -9.899630 15.840418
-9.899824 -5.939630 -19.799582
-9.899824 -7.919630 -17.819582
-11.879824 -5.939630 -17.819582
-11.879824 -7.919630 -15.839582
-11.879824 -7.919630 15.840418
-9.899824 -7.919630 17.820418
-11.879824 -5.939630 17.820418
-9.899824 -5.939630 19.800418
-9.899824 -1.979630 -23.759582
-9.899824 -3.959630 -21.779582
-11.879824 -1.979630 -21.779582
-11.879824 -3.959630 -19.799582
-11.879824 -3.959630 19.800418
-9.899824 -3.959630 21.780418
-11.879824 -1.979630 21.780418
-9.899824 -1.979630 23.760418
-11.879824 0.000370 -23.759582
-9.899824 1.980370 -23.759582
-11.879824 1.980370 -21.779582
-11.879824 1.980370 21.780418
-11.879824 0.000370 23.760418
-9.899824 1.980370 23.760418
-9.899824 3.960370 -21.779582
-11.879824 3.960370 -19.799582
-9.899824 5.940370 -19.799582
-11.879824 5.940370 -17.819582
-11.879824 5.940370 17.820418
-11.879824 3.960370 19.800418
-9.899824 5.940370 19.800418
-9.899824 3.960370 21.780418
-9.899824 7.920370 -17.819582
-11.879824 7.920370 -15.839582
-9.899824 9.900370 -15.839582
-11.879824 9.900370 -13.859582
-11.879824 9.900370 13.860418
-11.879824 7.920370 15.840418
-9.899824 9.900370 15.840418
-9.899824 7.920370 17.820418
-9.899824 11.880370 -13.859582
-11.879824 11.880370 -11.879582
-9.899824 13.860370 -11.879582
-11.879824 13.860370 -9.899582
-11.879824 13.860370 9.900418
-11.879824 11.880370 11.880418
-9.899824 13.860370 11.880418
-9.899824 11.880370 13.860418
-9.899824 15.840370 -9.899582
-11.879824 15.840370 -7.919582
-9.899824 17.820370 -7.919582
-11.879824 17.820370 -5.939582
-11.879824 17.820370 5.940418
-11.879824 15.840370 7.920418
-9.899824 17.820370 7.920418
-9.899824 15.840370 9.900418
-9.899824 19.800370 -5.939582
-11.879824 19.800370 -3.959582
-9.899824 21.780370 -3.959582
-11.879824 21.780370 -1.979582
-11.879824 21.780370 1.980418
-11.879824 19.800370 3.960418
-9.899824 21.780370 3.960418
-9.899824 19.800370 5.940418
-9.899824 23.760370 -1.979582
-11.879824 23.760370 0.000418
-9.899824 23.760370 1.980418
-5.939824 -21.779630 -7.919582
-5.939824 -23.759630 -5.939582
-7.919824 -21.779630 -5.939582
-7.919824 -23.759630 -3.959582
-5.939824 -23.759630 -1.979582
-7.919824 -23.759630 0.000418
-5.939824 -23.759630 1.980418
-7.919824 -23.759630 3.960418
-5.939824 -23.759630 5.940418
-7.919824 -21.779630 5.940418
-5.939824 -21.779630 7.920418
-5.939824 -17.819630 -11.879582
-5.939824 -19.799630 -9.899582
-7.919824 -17.819630 -9.899582
-7.919824 -19.799630 -7.919582
-7.919824 -19.799630 7.920418
-5.939824 -19.799630 9.900418
-7.919824 -17.819630 9.900418
-5.939824 -17.819630 11.880418
-5.939824 -13.859630 -15.839582
-5.939824 -15.839630 -13.859582
-7.919824 -13.859630 -13.859582
-7.919824 -15.839630 -11.879582
-7.919824 -15.839630 11.880418
-5.939824 -15.839630 13.860418
-7.919824 -13.859630 13.860418
-5.939824 -13.859630 15.840418
-5.939824 -9.899630 -19.799582
-5.939824 -11.879630 -17.819582
-7.919824 -9.899630 -17.819582
-7.919824 -11.879630 -15.839582
-7.919824 -11.879630 15.840418
-5.939824 -11.879630 17.820418
-7.919824 -9.899630 17.820418
-5.939824 -9.899630 19.800418
-5.939824 -5.939630 -23.759582
-5.939824 -7.919630 -21.779582
-7.919824 -5.939630 -21.779582
-7.919824 -7.919630 -19.799582
-7.919824 -7.919630 19.800418
-5.939824 -7.919630 21.780418
-7.919824 -5.939630 21.780418
-5.939824 -5.939630 23.760418
-7.919824 -3.959630 -23.759582
-5.939824 -1.979630 -23.759582
-7.919824 -3.959630 23.760418
-5.939824 -1.979630 23.760418
-7.919824 0.000370 -23.759582
-5.939824 1.980370 -23.759582
-7.919824 0.000370 23.760418
-5.939824 1.980370 23.760418
-7.919824 3.960370 -23.759582
-5.939824 5.940370 -23.759582
-7.919824 5.940370 -21.779582
-7.919824 5.940370 21.780418
-7.919824 3.960370 23.760418
-5.939824 5.940370 23.760418
-5.939824 7.920370 -21.779582
-7.919824 7.920370 -19.799582
-5.939824 9.900370 -19.799582
-7.919824 9.900370 -17.819582
-7.919824 9.900370 17.820418
-7.919824 7.920370 19.800418
-5.939824 9.900370 19.800418
-5.939824 7.920370 21.780418
-5.939824 11.880370 -17.819582
-7.919824 11.880370 -15.839582
-5.939824 13.860370 -15.839582
-7.919824 13.860370 -13.859582
-7.919824 13.860370 13.860418
-7.919824 11.880370 15.840418
-5.939824 13.860370 15.840418
-5.939824 11.880370 17.820418
-5.939824 15.840370 -13.859582
-7.919824 15.840370 -11.879582
-5.939824 17.820370 -11.879582
-7.919824 17.820370 -9.899582
-7.919824 17.820370 9.900418
-7.919824 15.840370 11.880418
-5.939824 17.820370 11.880418
-5.939824 15.840370 13.860418
-5.939824 19.800370 -9.899582
-7.919824 19.800370 -7.919582
-5.939824 21.780370 -7.919582
-7.919824 21.780370 -5.939582
-7.919824 21.780370 5.940418
-7.919824 19.800370 7.920418
-5.939824 21.780370 7.920418
-5.939824 19.800370 9.900418
-5.939824 23.760370 -5.939582
-7.919824 23.760370 -3.959582
-5.939824 23.760370 -1.979582
-7.919824 23.760370 0.000418
-5.939824 23.760370 1.980418
-7.919824 23.760370 3.960418
-5.939824 23.760370 5.940418
-1.979824 -21.779630 -11.879582
-1.979824 -23.759630 -9.899582
-3.959824 -21.779630 -9.899582
-3.959824 -23.759630 -7.919582
-1.979824 -23.759630 -5.939582
-3.959824 -23.759630 -3.959582
-1.979824 -23.759630 -1.979582
-3.959824 -23.759630 0.000418
-1.979824 -23.759630 1.980418
-3.959824 -23.759630 3.960418
-1.979824 -23.759630 5.940418
-3.959824 -23.759630 7.920418
-1.979824 -23.759630 9.900418
-3.959824 -21.779630 9.900418
-1.979824 -21.779630 11.880418
-1.979824 -17.819630 -15.839582
-1.979824 -19.799630 -13.859582
-3.959824 -17.819630 -13.859582
-3.959824 -19.799630 -11.879582
-3.959824 -19.799630 11.880418
-1.979824 -19.799630 13.860418
-3.959824 -17.819630 13.860418
-1.979824 -17.819630 15.840418
-1.979824 -13.859630 -19.799582
-1.979824 -15.839630 -17.819582
-3.959824 -13.859630 -17.819582
-3.959824 -15.839630 -15.839582
-3.959824 -15.839630 15.840418
-1.979824 -15.839630 17.820418
-3.959824 -13.859630 17.820418
-1.979824 -13.859630 19.800418
-1.979824 -9.899630 -23.759582
-1.979824 -11.879630 -21.779582
-3.959824 -9.899630 -21.779582
-3.959824 -11.879630 -19.799582
-3.959824 -11.879630 19.800418
-1.979824 -11.879630 21.780418
-3.959824 -9.899630 21.780418
-1.979824 -9.899630 23.760418
-3.959824 -7.919630 -23.759582
-1.979824 -5.939630 -23.759582
-3.959824 -7.919630 23.760418
-1.979824 -5.939630 23.760418
-3.959824 -3.959630 -23.759582
-1.979824 -1.979630 -23.759582
-3.959824 -3.959630 23.760418
-1.979824 -1.979630 23.760418
-3.959824 0.000370 -23.759582
-1.979824 1.980370 -23.759582
-3.959824 0.000370 23.760418
-1.979824 1.980370 23.760418
-3.959824 3.960370 -23.759582
-1.979824 5.940370 -23.759582
-3.959824 3.960370 23.760418
-1.979824 5.940370 23.760418
-3.959824 7.920370 -23.759582
-1.979824 9.900370 -23.759582
-3.959824 9.900370 -21.779582
-3.959824 9.900370 21.780418
-3.959824 7.920370 23.760418
-1.979824 9.900370 23.760418
-1.979824 11.880370 -21.779582
-3.959824 11.880370 -19.799582
-1.979824 13.860370 -19.799582
-3.959824 13.860370 -17.819582
-3.959824 13.860370 17.820418
-3.959824 11.880370 19.800418
-1.979824 13.860370 19.800418
-1.979824 11.880370 21.780418
-1.979824 15.840370 -17.819582
-3.959824 15.840370 -15.839582
-1.979824 17.820370 -15.839582
-3.959824 17.820370 -13.859582
-3.959824 17.820370 13.860418
-3.959824 15.840370 15.840418
-1.979824 17.820370 15.840418
-1.979824 15.840370 17.820418
-1.979824 19.800370 -13.859582
-3.959824 19.800370 -11.879582
-1.979824 21.780370 -11.879582
-3.959824 21.780370 -9.899582
-3.959824 21.780370 9.900418
-3.959824 19.800370 11.880418
-1.979824 21.780370 11.880418
-1.979824 19.800370 13.860418
-1.979824 23.760370 -9.899582
-3.959824 23.760370 -7.919582
-1.979824 23.760370 -5.939582
-3.959824 23.760370 -3.959582
-1.979824 23.760370 -1.979582
-3.959824 23.760370 0.000418
-1.979824 23.760370 1.980418
-3.959824 23.760370 3.960418
-1.979824 23.760370 5.940418
-3.959824 23.760370 7.920418
-1.979824 23.760370 9.900418
0.000176 -21.779630 -13.859582
0.000176 -23.759630 -11.879582
1.980176 -21.779630 -11.879582
1.980176 -23.759630 -9.899582
0.000176 -23.759630 -7.919582
1.980176 -23.759630 -5.939582
0.000176 -23.759630 -3.959582
1.980176 -23.759630 -1.979582
0.000176 -23.759630 0.000418
1.980176 -23.759630 1.980418
0.000176 -23.759630 3.960418
1.980176 -23.759630 5.940418
0.000176 -23.759630 7.920418
1.980176 -23.759630 9.900418
0.000176 -23.759630 11.880418
1.980176 -21.779630 11.880418
0.000176 -21.779630 13.860418
0.000176 -17.819630 -17.819582
0.000176 -19.799630 -15.839582
1.980176 -17.819630 -15.839582
1.980176 -19.799630 -13.859582
1.980176 -19.799630 13.860418
0.000176 -19.799630 15.840418
1.980176 -17.819630 15.840418
0.000176 -17.819630 17.820418
0.000176 -13.859630 -21.779582
0.000176 -15.839630 -19.799582
1.980176 -13.859630 -19.799582
1.980176 -15.839630 -17.819582
1.980176 -15.839630 17.820418
0.000176 -15.839630 19.800418
1.980176 -13.859630 19.800418
0.000176 -13.859630 21.780418
0.000176 -11.879630 -23.759582
1.980176 -9.899630 -23.759582
1.980176 -11.879630 -21.779582
1.980176 -11.879630 21.780418
0.000176 -11.879630 23.760418
1.980176 -9.899630 23.760418
0.000176 -7.919630 -23.759582
1.980176 -5.939630 -23.759582
0.000176 -7.919630 23.760418
1.980176 -5.939630 23.760418
0.000176 -3.959630 -23.759582
1.980176 -1.979630 -23.759582
0.000176 -3.959630 23.760418
1.980176 -1.979630 23.760418
0.000176 0.000370 -23.759582
1.980176 1.980370 -23.759582
0.000176 0.000370 23.760418
1.980176 1.980370 23.760418
0.000176 3.960370 -23.759582
1.980176 5.940370 -23.759582
0.000176 3.960370 23.760418
1.980176 5.940370 23.760418
0.000176 7.920370 -23.759582
1.980176 9.900370 -23.759582
0.000176 7.920370 23.760418
1.980176 9.900370 23.760418
0.000176 11.880370 -23.759582
1.980176 11.880370 -21.779582
0.000176 13.860370 -21.779582
1.980176 13.860370 -19.799582
1.980176 13.860370 19.800418
1.980176 11.880370 21.780418
0.000176 13.860370 21.780418
0.000176 11.880370 23.760418
0.000176 15.840370 -19.799582
1.980176 15.840370 -17.819582
0.000176 17.820370 -17.819582
1.980176 17.820370 -15.839582
1.980176 17.820370 15.840418
1.980176 15.840370 17.820418
0.000176 17.820370 17.820418
0.000176 15.840370 19.800418
0.000176 19.800370 -15.839582
1.980176 19.800370 -13.859582
0.000176 21.780370 -13.859582
1.980176 21.780370 -11.879582
1.980176 21.780370 11.880418
1.980176 19.800370 13.860418
0.000176 21.780370 13.860418
0.000176 19.800370 15.840418
0.000176 23.760370 -11.879582
1.980176 23.760370 -9.899582
0.000176 23.760370 -7.919582
1.980176 23.760370 -5.939582
0.000176 23.760370 -3.959582
1.980176 23.760370 -1.979582
0.000176 23.760370 0.000418
1.980176 23.760370 1.980418
0.000176 23.760370 3.960418
1.980176 23.760370 5.940418
0.000176 23.760370 7.920418
1.980176 23.760370 9.900418
0.000176 23.760370 11.880418
3.960176 -21.779630 -9.899582
3.960176 -23.759630 -7.919582
5.940176 -21.779630 -7.919582
5.940176 -23.759630 -5.939582
3.960176 -23.759630 -3.959582
5.940176 -23.759630 -1.979582
3.960176 -23.759630 0.000418
5.940176 -23.759630 1.980418
3.960176 -23.759630 3.960418
5.940176 -23.759630 5.940418
3.960176 -23.759630 7.920418
5.940176 -21.779630 7.920418
3.960176 -21.779630 9.900418
3.960176 -17.819630 -13.859582
3.960176 -19.799630 -11.879582
5.940176 -17.819630 -11.879582
5.940176 -19.799630 -9.899582
5.940176 -19.799630 9.900418
3.960176 -19.799630 11.880418
5.940176 -17.819630 11.880418
3.960176 -17.819630 13.860418
3.960176 -13.859630 -17.819582
3.960176 -15.839630 -15.839582
5.940176 -13.859630 -15.839582
5.940176 -15.839630 -13.859582
5.940176 -15.839630 13.860418
3.960176 -15.839630 15.840418
5.940176 -13.859630 15.840418
3.960176 -13.859630 17.820418
3.960176 -9.899630 -21.779582
3.960176 -11.879630 -19.799582
5.940176 -9.899630 -19.799582
5.940176 -11.879630 -17.819582
5.940176 -11.879630 17.820418
3.960176 -11.879630 19.800418
5.940176 -9.899630 19.800418
3.960176 -9.899630 21.780418
3.960176 -7.919630 -23.759582
5.940176 -5.939630 -23.759582
5.940176 -7.919630 -21.779582
5.940176 -7.919630 21.780418
3.960176 -7.919630 23.760418
5.940176 -5.939630 23.760418
3.960176 -3.959630 -23.759582
5.940176 -1.979630 -23.759582
3.960176 -3.959630 23.760418
5.940176 -1.979630 23.760418
3.960176 0.000370 -23.759582
5.940176 1.980370 -23.759582
3.960176 0.000370 23.760418
5.940176 1.980370 23.760418
3.960176 3.960370 -23.759582
5.940176 5.940370 -23.759582
3.960176 3.960370 23.760418
5.940176 5.940370 23.760418
3.960176 7.920370 -23.759582
5.940176 7.920370 -21.779582
3.960176 9.900370 -21.779582
5.940176 9.900370 -19.799582
5.940176 9.900370 19.800418
5.940176 7.920370 21.780418
3.960176 9.900370 21.780418
3.960176 7.920370 23.760418
3.960176 11.880370 -19.799582
5.940176 11.880370 -17.819582
3.960176 13.860370 -17.819582
5.940176 13.860370 -15.839582
5.940176 13.860370 15.840418
5.940176 11.880370 17.820418
3.960176 13.860370 17.820418
3.960176 11.880370 19.800418
3.960176 15.840370 -15.839582
5.940176 15.840370 -13.859582
3.960176 17.820370 -13.859582
5.940176 17.820370 -11.879582
5.940176 17.820370 11.880418
5.940176 15.840370 13.860418
3.960176 17.820370 13.860418
3.960176 15.840370 15.840418
3.960176 19.800370 -11.879582
5.940176 19.800370 -9.899582
3.960176 21.780370 -9.899582
5.940176 21.780370 -7.919582
5.940176 21.780370 7.920418
5.940176 19.800370 9.900418
3.960176 21.780370 9.900418
3.960176 19.800370 11.880418
3.960176 23.760370 -7.919582
5.940176 23.760370 -5.939582
3.960176 23.760370 -3.959582
5.940176 23.760370 -1.979582
3.960176 23.760370 0.000418
5.940176 23.760370 1.980418
3.960176 23.760370 3.960418
5.940176 23.760370 5.940418
3.960176 23.760370 7.920418
7.920176 -21.779630 -5.939582
7.920176 -23.759630 -3.959582
9.900176 -21.779630 -3.959582
9.900176 -23.759630 -1.979582
7.920176 -23.759630 0.000418
9.900176 -23.759630 1.980418
7.920176 -23.759630 3.960418
9.900176 -21.779630 3.960418
7.920176 -21.779630 5.940418
7.920176 -17.819630 -9.899582
7.920176 -19.799630 -7.919582
9.900176 -17.819630 -7.919582
9.900176 -19.799630 -5.939582
9.900176 -19.799630 5.940418
7.920176 -19.799630 7.920418
9.900176 -17.819630 7.920418
7.920176 -17.819630 9.900418
7.920176 -13.859630 -13.859582
7.920176 -15.839630 -11.879582
9.900176 -13.859630 -11.879582
9.900176 -15.839630 -9.899582
9.900176 -15.839630 9.900418
7.920176 -15.839630 11.880418
9.900176 -13.859630 11.880418
7.920176 -13.859630 13.860418
7.920176 -9.899630 -17.819582
7.920176 -11.879630 -15.839582
9.900176 -9.899630 -15.839582
9.900176 -11.879630 -13.859582
9.900176 -11.879630 13.860418
7.920176 -11.879630 15.840418
9.900176 -9.899630 15.840418
7.920176 -9.899630 17.820418
7.920176 -5.939630 -21.779582
7.920176 -7.919630 -19.799582
9.900176 -5.939630 -19.799582
9.900176 -7.919630 -17.819582
9.900176 -7.919630 17.820418
7.920176 -7.919630 19.800418
9.900176 -5.939630 19.800418
7.920176 -5.939630 21.780418
7.920176 -3.959630 -23.759582
9.900176 -1.979630 -23.759582
9.900176 -3.959630 -21.779582
9.900176 -3.959630 21.780418
7.920176 -3.959630 23.760418
9.900176 -1.979630 23.760418
7.920176 0.000370 -23.759582
9.900176 1.980370 -23.759582
7.920176 0.000370 23.760418
9.900176 1.980370 23.760418
7.920176 3.960370 -23.759582
9.900176 3.960370 -21.779582
7.920176 5.940370 -21.779582
9.900176 5.940370 -19.799582
9.900176 5.940370 19.800418
9.900176 3.960370 21.780418
7.920176 5.940370 21.780418
7.920176 3.960370 23.760418
7.920176 7.920370 -19.799582
9.900176 7.920370 -17.819582
7.920176 9.900370 -17.819582
9.900176 9.900370 -15.839582
9.900176 9.900370 15.840418
9.900176 7.920370 17.820418
7.920176 9.900370 17.820418
7.920176 7.920370 19.800418
7.920176 11.880370 -15.839582
9.900176 11.880370 -13.859582
7.920176 13.860370 -13.859582
9.900176 13.860370 -11.879582
9.900176 13.860370 11.880418
9.900176 11.880370 13.860418
7.920176 13.860370 13.860418
7.920176 11.880370 15.840418
7.920176 15.840370 -11.879582
9.900176 15.840370 -9.899582
7.920176 17.820370 -9.899582
9.900176 17.820370 -7.919582
9.900176 17.820370 7.920418
9.900176 15.840370 9.900418
7.920176 17.820370 9.900418
7.920176 15.840370 11.880418
7.920176 19.800370 -7.919582
9.900176 19.800370 -5.939582
7.920176 21.780370 -5.939582
9.900176 21.780370 -3.959582
9.900176 21.780370 3.960418
9.900176 19.800370 5.940418
7.920176 21.780370 5.940418
7.920176 19.800370 7.920418
7.920176 23.760370 -3.959582
9.900176 23.760370 -1.979582
7.920176 23.760370 0.000418
9.900176 23.760370 1.980418
7.920176 23.760370 3.960418
11.880176 -21.779630 -1.979582
11.880176 -23.759630 0.000418
13.860176 -21.779630 0.000418
11.880176 -21.779630 1.980418
11.880176 -17.819630 -5.939582
11.880176 -19.799630 -3.959582
13.860176 -17.819630 -3.959582
13.860176 -19.799630 -1.979582
13.860176 -19.799630 1.980418
11.880176 -19.799630 3.960418
13.860176 -17.819630 3.960418
11.880176 -17.819630 5.940418
11.880176 -13.859630 -9.899582
11.880176 -15.839630 -7.919582
13.860176 -13.859630 -7.919582
13.860176 -15.839630 -5.939582
13.860176 -15.839630 5.940418
11.880176 -15.839630 7.920418
13.860176 -13.859630 7.920418
11.880176 -13.859630 9.900418
11.880176 -9.899630 -13.859582
11.880176 -11.879630 -11.879582
13.860176 -9.899630 -11.879582
13.860176 -11.879630 -9.899582
13.860176 -11.879630 9.900418
11.880176 -11.879630 11.880418
13.860176 -9.899630 11.880418
11.880176 -9.899630 13.860418
11.880176 -5.939630 -17.819582
11.880176 -7.919630 -15.839582
13.860176 -5.939630 -15.839582
13.860176 -7.919630 -13.859582
13.860176 -7.919630 13.860418
11.880176 -7.919630 15.840418
13.860176 -5.939630 15.840418
11.880176 -5.939630 17.820418
11.880176 -1.979630 -21.779582
11.880176 -3.959630 -19.799582
13.860176 -1.979630 -19.799582
13.860176 -3.959630 -17.819582
13.860176 -3.959630 17.820418
11.880176 -3.959630 19.800418
13.860176 -1.979630 19.800418
11.880176 -1.979630 21.780418
11.880176 0.000370 -23.759582
13.860176 0.000370 -21.779582
11.880176 1.980370 -21.779582
13.860176 1.980370 -19.799582
13.860176 1.980370 19.800418
13.860176 0.000370 21.780418
11.880176 1.980370 21.780418
11.880176 0.000370 23.760418
11.880176 3.960370 -19.799582
13.860176 3.960370 -17.819582
11.880176 5.940370 -17.819582
13.860176 5.940370 -15.839582
13.860176 5.940370 15.840418
13.860176 3.960370 17.820418
11.880176 5.940370 17.820418
11.880176 3.960370 19.800418
11.880176 7.920370 -15.839582
13.860176 7.920370 -13.859582
11.880176 9.900370 -13.859582
13.860176 9.900370 -11.879582
13.860176 9.900370 11.880418
13.860176 7.920370 13.860418
11.880176 9.900370 13.860418
11.880176 7.920370 15.840418
11.880176 11.880370 -11.879582
13.860176 11.880370 -9.899582
11.880176 13.860370 -9.899582
13.860176 13.860370 -7.919582
13.860176 13.860370 7.920418
13.860176 11.880370 9.900418
11.880176 13.860370 9.900418
11.880176 11.880370 11.880418
11.880176 15.840370 -7.919582
13.860176 15.840370 -5.939582
11.880176 17.820370 -5.939582
13.860176 17.820370 -3.959582
13.860176 17.820370 3.960418
13.860176 15.840370 5.940418
11.880176 17.820370 5.940418
11.880176 15.840370 7.920418
11.880176 19.800370 -3.959582
13.860176 19.800370 -1.979582
11.880176 21.780370 -1.979582
13.860176 21.780370 0.000418
13.860176 19.800370 1.980418
11.880176 21.780370 1.980418
11.880176 19.800370 3.960418
11.880176 23.760370 0.000418
15.840176 -17.819630 -1.979582
15.840176 -19.799630 0.000418
17.820176 -17.819630 0.000418
15.840176 -17.819630 1.980418
15.840176 -13.859630 -5.939582
15.840176 -15.839630 -3.959582
17.820176 -13.859630 -3.959582
17.820176 -15.839630 -1.979582
17.820176 -15.839630 1.980418
15.840176 -15.839630 3.960418
17.820176 -13.859630 3.960418
15.840176 -13.859630 5.940418
15.840176 -9.899630 -9.899582
15.840176 -11.879630 -7.919582
17.820176 -9.899630 -7.919582
17.820176 -11.879630 -5.939582
17.820176 -11.879630 5.940418
15.840176 -11.879630 7.920418
17.820176 -9.899630 7.920418
15.840176 -9.899630 9.900418
15.840176 -5.939630 -13.859582
15.840176 -7.919630 -11.879582
17.820176 -5.939630 -11.879582
17.820176 -7.919630 -9.899582
17.820176 -7.919630 9.900418
15.840176 -7.919630 11.880418
17.820176 -5.939630 11.880418
15.840176 -5.939630 13.860418
15.840176 -1.979630 -17.819582
15.840176 -3.959630 -15.839582
17.820176 -1.979630 -15.839582
17.820176 -3.959630 -13.859582
17.820176 -3.959630 13.860418
15.840176 -3.959630 15.840418
17.820176 -1.979630 15.840418
15.840176 -1.979630 17.820418
15.840176 0.000370 -19.799582
17.820176 0.000370 -17.819582
15.840176 1.980370 -17.819582
17.820176 1.980370 -15.839582
17.820176 1.980370 15.840418
17.820176 0.000370 17.820418
15.840176 1.980370 17.820418
15.840176 0.000370 19.800418
15.840176 3.960370 -15.839582
17.820176 3.960370 -13.859582
15.840176 5.940370 -13.859582
17.820176 5.940370 -11.879582
17.820176 5.940370 11.880418
17.820176 3.960370 13.860418
15.840176 5.940370 13.860418
15.840176 3.960370 15.840418
15.840176 7.920370 -11.879582
17.820176 7.920370 -9.899582
15.840176 9.900370 -9.899582
17.820176 9.900370 -7.919582
17.820176 9.900370 7.920418
17.820176 7.920370 9.900418
15.840176 9.900370 9.900418
15.840176 7.920370 11.880418
15.840176 11.880370 -7.919582
17.820176 11.880370 -5.939582
15.840176 13.860370 -5.939582
17.820176 13.860370 -3.959582
17.820176 13.860370 3.960418
17.820176 11.880370 5.940418
15.840176 13.860370 5.940418
15.840176 11.880370 7.920418
15.840176 15.840370 -3.959582
17.820176 15.840370 -1.979582
15.840176 17.820370 -1.979582
17.820176 17.820370 0.000418
17.820176 15.840370 1.980418
15.840176 17.820370 1.980418
15.840176 15.840370 3.960418
15.840176 19.800370 0.000418
19.800176 -13.859630 -1.979582
19.800176 -15.839630 0.000418
21.780176 -13.859630 0.000418
19.800176 -13.859630 1.980418
19.800176 -9.899630 -5.939582
19.800176 -11.879630 -3.959582
21.780176 -9.899630 -3.959582
21.780176 -11.879630 -1.979582
21.780176 -11.879630 1.980418
19.800176 -11.879630 3.960418
21.780176 -9.899630 3.960418
19.800176 -9.899630 5.940418
19.800176 -5.939630 -9.899582
19.800176 -7.919630 -7.919582
21.780176 -5.939630 -7.919582
21.780176 -7.919630 -5.939582
21.780176 -7.919630 5.940418
19.800176 -7.919630 7.920418
21.780176 -5.939630 7.920418
19.800176 -5.939630 9.900418
19.800176 -1.979630 -13.859582
19.800176 -3.959630 -11.879582
21.780176 -1.979630 -11.879582
21.780176 -3.959630 -9.899582
21.780176 -3.959630 9.900418
19.800176 -3.959630 11.880418
21.780176 -1.979630 11.880418
19.800176 -1.979630 13.860418
19.800176 0.000370 -15.839582
21.780176 0.000370 -13.859582
19.800176 1.980370 -13.859582
21.780176 1.980370 -11.879582
21.780176 1.980370 11.880418
21.780176 0.000370 13.860418
19.800176 1.980370 13.860418
19.800176 0.000370 15.840418
19.800176 3.960370 -11.879582
21.780176 3.960370 -9.899582
19.800176 5.940370 -9.899582
21.780176 5.940370 -7.919582
21.780176 5.940370 7.920418
21.780176 3.960370 9.900418
19.800176 5.940370 9.900418
19.800176 3.960370 11.880418
19.800176 7.920370 -7.919582
21.780176 7.920370 -5.939582
19.800176 9.900370 -5.939582
21.780176 9.900370 -3.959582
21.780176 9.900370 3.960418
21.780176 7.920370 5.940418
19.800176 9.900370 5.940418
19.800176 7.920370 7.920418
19.800176 11.880370 -3.959582
21.780176 11.880370 -1.979582
19.800176 13.860370 -1.979582
21.780176 13.860370 0.000418
21.780176 11.880370 1.980418
19.800176 13.860370 1.980418
19.800176 11.880370 3.960418
19.800176 15.840370 0.000418
23.760176 -9.899630 -1.979582
23.760176 -11.879630 0.000418
23.760176 -9.899630 1.980418
23.760176 -5.939630 -5.939582
23.760176 -7.919630 -3.959582
23.760176 -5.939630 -1.979582
23.760176 -7.919630 0.000418
23.760176 -5.939630 1.980418
23.760176 -7.919630 3.960418
23.760176 -5.939630 5.940418
23.760176 -1.979630 -9.899582
23.760176 -3.959630 -7.919582
23.760176 -1.979630 -5.939582
23.760176 -3.959630 -3.959582
23.760176 -1.979630 -1.979582
23.760176 -3.959630 0.000418
23.760176 -1.979630 1.980418
23.760176 -3.959630 3.960418
23.760176 -1.979630 5.940418
23.760176 -3.959630 7.920418
23.760176 -1.979630 9.900418
23.760176 0.000370 -11.879582
23.760176 1.980370 -9.899582
23.760176 0.000370 -7.919582
23.760176 1.980370 -5.939582
23.760176 0.000370 -3.959582
23.760176 1.980370 -1.979582
23.760176 0.000370 0.000418
23.760176 1.980370 1.980418
23.760176 0.000370 3.960418
23.760176 1.980370 5.940418
23.760176 0.000370 7.920418
23.760176 1.980370 9.900418
23.760176 0.000370 11.880418
23.760176 3.960370 -7.919582
23.760176 5.940370 -5.939582
23.760176 3.960370 -3.959582
23.760176 5.940370 -1.979582
23.760176 3.960370 0.000418
23.760176 5.940370 1.980418
23.760176 3.960370 3.960418
23.760176 5.940370 5.940418
23.760176 3.960370 7.920418
23.760176 7.920370 -3.959582
23.760176 9.900370 -1.979582
23.760176 7.920370 0.000418
23.760176 9.900370 1.980418
23.760176 7.920370 3.960418
23.760176 11.880370 0.000418
1.753616 -25.725070 0.000418
-2.287922 -26.192617 2.096504
0.347374 -25.874862 -3.955723
2.849672 -25.697709 3.717082
-5.279720 -25.855047 -0.933521
5.017711 -25.845140 -3.191326
-1.683478 -25.835232 6.263528
-3.200638 -25.661228 -6.162554
7.011784 -25.815417 2.561046
-7.318089 -25.805510 3.021292
3.539673 -25.795603 -7.563282
2.608057 -25.624746 8.314754
-7.953856 -25.834640 -4.609106
9.283352 -25.606505 -2.040462
-5.554258 -25.010975 7.901029
-1.325738 -25.746066 -10.231568
7.764237 -24.464460 6.543977
-10.961758 -25.570024 0.453729
7.493630 -23.871356 -7.456569
-0.546329 -25.921486 11.819099
-7.038756 -23.384274 -8.434575
11.905459 -24.869840 1.602257
-9.365134 -22.999041 6.516557
2.671863 -23.915637 -11.875497
5.853268 -22.562425 10.214845
-11.740293 -23.057925 -3.745111
11.112268 -22.376572 -5.133650
-4.815682 -22.294420 11.507664
-4.343171 -22.437633 -12.075194
11.259089 -21.768964 5.917788
-12.951250 -22.451671 3.414373
6.974925 -21.183310 -10.846918
2.359139 -22.428365 13.726548
-10.280837 -20.539263 -7.961776
14.574610 -22.665666 -1.207044
-8.982052 -20.123199 9.709944
0.075560 -23.086021 -15.452343
9.059760 -19.788104 9.987288
-15.240257 -22.072061 -1.412061
11.054869 -19.671915 -8.389699
-2.718231 -21.167884 14.943188
-7.574815 -19.495261 -12.037001
14.468788 -20.230019 3.965665
-13.191690 -19.674791 6.770266
5.233504 -19.661528 -14.115585
5.685989 -19.388211 13.967477
-13.595514 -19.046746 -6.442833
14.918912 -19.464658 -4.599187
-7.623122 -18.516941 13.008226
-3.406836 -19.635437 -15.865441
12.353825 -18.067671 8.775872
-16.812344 -19.909325 2.095730
9.830239 -17.566725 -11.548343
0.643894 -20.170398 17.652272
-10.990234 -17.629373 -11.152023
17.794748 -19.783014 0.910267
-12.001136 -17.047186 9.916500
2.430769 -18.998865 -17.420876
9.059541 -17.020415 13.157419
-16.759733 -18.078331 -3.855997
14.109009 -16.819174 -7.993083
-5.277915 -17.506462 16.270211
-6.959015 -16.938454 -15.256985
15.610473 -16.904599 6.623103
-16.185220 -16.895837 5.732954
7.865016 -16.269835 -14.788291
4.537567 -17.391956 17.560920
-14.024037 -15.834421 -9.114040
18.397188 -17.433899 -3.068959
-10.406650 -15.588736 13.303445
-1.517077 -17.796252 -19.466994
12.420089 -15.296967 11.602961
-20.370366 -18.107056 -0.198335
12.774249 -15.073590 -11.474479
-1.923754 -17.171939 19.712369
-10.385508 -14.806876 -13.823119
18.884928 -16.251224 3.531216
-15.066131 -14.828725 9.379159
5.068593 -15.551077 -18.145768
8.153999 -14.701568 16.081775
-17.717866 -15.248975 -6.666812
17.331569 -14.861507 -6.956608
-7.942090 -14.431607 16.550029
-5.596380 -14.991418 -18.471485
15.688670 -13.994291 9.297863
-19.871507 -15.393584 4.166330
10.609512 -13.629610 -14.781609
2.475255 -15.415606 20.681749
-13.826349 -13.332782 -11.885233
21.910115 -15.837851 -0.691574
-13.413239 -13.379318 13.090587
1.223097 -15.420642 -21.828497
11.837052 -13.027720 14.469617
-20.972935 -14.591163 -3.030095
15.691867 -12.917991 -10.691764
-4.727750 -13.878307 20.098724
-9.470765 -12.870735 -16.907944
19.336371 -13.359762 6.377704
-18.127933 -12.888229 8.162397
7.860143 -12.743320 -18.277752
6.751373 -12.974557 19.361540
-17.451866 -12.389028 -9.390319
20.619626 -13.136003 -5.220194
-10.811071 -12.014071 16.459159
-3.523541 -13.293889 -21.773636
15.424821 -11.704185 12.188726
-23.128227 -13.638067 1.689532
13.430826 -11.369589 -14.236524
-0.353207 -13.855319 24.145304
-13.209373 -11.263502 -14.849788
23.260691 -13.087560 2.385305
-16.153588 -11.128137 12.013977
4.269655 -12.359727 -22.234256
10.889353 -11.195751 17.684846
-21.062427 -11.657335 -5.993501
18.756109 -11.026228 -9.394774
-7.648433 -11.126706 20.029485
-7.945720 -11.063723 -20.077216
19.117193 -10.751333 9.289806
-21.431489 -11.165911 6.379733
10.811083 -10.366952 -18.040641
4.640651 -11.265642 22.686338
-16.810915 -9.971144 -12.189906
24.159471 -11.523668 -2.771417
-13.608532 -9.707254 15.676021
-0.691092 -11.950087 -25.888759
14.603325 -9.566655 15.110949
-25.536872 -11.490941 -1.555247
16.373672 -9.335484 -13.261512
-3.637413 -10.753154 24.335553
-11.963576 -9.223811 -17.742803
23.007778 -10.058346 5.531314
-19.258233 -9.226978 10.664610
7.324656 -9.523277 -21.848799
9.119837 -9.149324 20.522428
-20.694686 -9.066085 -9.018650
21.962597 -9.191133 -7.537885
-10.848116 -8.850509 19.927642
-5.856958 -9.352833 -23.616670
18.358686 -8.344897 12.188180
-25.049713 -9.459203 3.928964
13.793816 -8.124813 -17.281835
1.744845 -9.288001 25.608574
-16.037581 -7.892142 -15.277608
25.779148 -9.044483 0.503512
-16.621648 -7.648129 14.641238
2.752755 -8.754367 -25.614142
13.302963 -7.503060 18.071147
-25.252133 -8.466829 -4.976355
19.667392 -7.451112 -11.977736
-6.894657 -7.880819 23.787426
-10.397903 -7.335356 -21.012979
22.660582 -7.474273 8.780774
-22.694399 -7.363381 8.854185
10.451967 -7.031980 -21.244484
7.057998 -7.338198 24.141649
-19.981834 -6.694443 -12.106452
25.837839 -7.412231 -5.153567
-13.802323 -6.449606 18.840701
-2.833899 -7.037283 -25.812736
17.535035 -6.199692 15.373880
-25.665631 -6.693618 0.560443
16.801668 -5.945058 -16.079142
-1.699936 -6.486182 25.831764
-14.699579 -5.768244 -18.330365
25.653128 -6.241312 3.963026
-19.869787 -5.623302 13.257633
6.332002 -6.117585 -25.784772
11.814514 -5.546267 21.583647
-24.470272 -5.698485 -8.335780
23.056057 -5.424552 -10.110862
-10.193513 -5.312000 23.082427
-8.413686 -5.405110 -24.907954
21.716317 -4.974888 11.960290
-25.638524 -5.164972 6.226314
13.658199 -4.679039 -20.356540
3.923588 -4.861152 25.840492
-19.119816 -4.448325 -15.413281
25.696394 -4.538616 -1.624355
-17.047012 -4.215414 17.721402
0.627226 -4.283415 -25.702215
16.173808 -3.980859 18.544059
-25.693809 -4.058786 -2.887553
20.166058 -3.797136 -14.693573
-5.189193 -3.860216 25.670715
-13.142935 -3.632722 -21.818450
25.793410 -3.707295 7.613364
-23.678111 -3.507739 11.573719
9.865789 -3.461045 -25.096727
9.735844 -3.352981 25.319640
-23.755552 -3.154762 -11.830899
25.803826 -3.064421 -7.406978
-13.563368 -2.841492 22.142179
-4.992863 -2.739967 -25.682857
20.689991 -2.574526 15.313555
-25.878548 -2.480376 2.713994
17.344610 -2.371371 -19.588906
0.435908 -2.211156 25.722898
-17.865909 -2.110831 -18.851058
25.888608 -1.987967 1.831168
-20.437913 -1.877117 16.226874
4.098677 -1.750681 -25.700612
14.642877 -1.663983 22.180560
-25.667469 -1.533579 -6.435468
24.131274 -1.462463 -13.056000
-8.867160 -1.319067 25.619861
-11.063636 -1.226031 -25.565800
25.861583 -1.115430 11.572662
-25.628144 -0.937932 8.518413
13.433858 -0.830641 -24.112671
6.102641 -0.671847 25.676408
-22.555328 -0.567489 -15.292756
25.877191 -0.423486 -3.799551
-17.215784 -0.315232 21.144100
-1.500553 -0.178595 -25.726191
19.233223 -0.061699 18.683679
-25.728975 0.059953 -0.752883
20.649902 0.189852 -17.833510
-3.017428 0.300076 25.716863
-15.914346 0.441273 -22.065876
25.688770 0.547039 5.324054
-23.764706 0.704967 14.158219
7.754713 0.811683 -25.808140
12.165311 0.972577 25.200424
-25.588300 1.085262 -10.202730
25.759388 1.213081 -9.760462
-12.413355 1.342414 24.623413
-7.274881 1.430438 -25.816440
22.792320 1.554423 14.115742
-25.691646 1.637842 4.865172
15.725458 1.767197 -21.030916
2.586701 1.871855 25.884324
-19.668397 2.021753 -17.586094
25.723557 2.091466 -0.309816
-18.885734 2.226888 17.725058
1.980929 2.381494 -26.192630
15.899736 2.453305 20.228621
-25.694053 2.605195 -4.225631
21.682257 2.712800 -14.162094
-6.566278 2.898948 25.657578
-12.375116 2.996276 -23.140827
25.965682 3.272569 9.129616
-24.778921 3.331070 10.580386
10.941367 3.401750 -24.134234
8.375561 3.587706 25.616504
-22.399618 3.545119 -12.622346
25.659761 3.757906 -5.966054
-14.202935 3.704524 20.729783
-3.667755 3.974737 -25.854245
19.097736 3.882171 15.705899
-25.701762 4.164862 1.373935
17.266721 4.108648 -17.601596
-0.877789 4.409221 25.700956
-15.972389 4.332852 -18.677477
25.684296 4.687486 3.141323
-19.925012 4.553968 14.223501
5.447056 5.006293 -25.652444
12.626260 4.870066 21.431287
-25.361619 5.322675 -7.754973
22.801500 5.193850 -10.869937
-9.619093 5.402200 23.786646
-8.972510 5.528095 -24.031894
21.989524 5.442476 11.221080
-25.607966 5.989763 7.082000
12.863458 5.585858 -20.545448
4.726742 6.139907 25.646231
-18.857045 5.682954 -14.243209
25.829144 6.370092 -2.453418
-15.754119 5.890670 17.447814
-0.185349 6.604843 -25.832847
15.791514 6.048849 16.991717
-25.821302 6.887769 -2.078969
18.429397 6.328841 -14.340233
-4.344202 7.180142 25.632634
-12.905184 6.689903 -19.969126
24.876501 7.367694 6.496498
-20.848263 6.880666 11.019131
8.244573 7.282055 -23.087941
9.314373 7.253412 22.113067
-21.684081 7.339519 -9.957718
23.541441 7.737578 -7.569670
-11.420602 7.339852 20.038044
-5.612896 8.192035 -24.684595
18.703833 7.484271 12.950105
-25.610873 8.644324 3.506423
14.321928 7.617645 -17.242404
1.244003 8.857323 25.620342
-15.666474 7.735978 -15.518338
25.774494 9.191251 1.006808
-16.769498 7.952127 14.200106
3.281761 9.553351 -25.789282
12.704601 8.214462 17.982981
-24.005720 9.304166 -5.219277
19.304691 8.588344 -11.246417
-6.993232 9.183340 22.477664
-9.572319 8.896641 -20.333321
21.163271 9.186808 8.679242
-21.638651 9.394122 7.959417
10.196234 9.183516 -19.742508
6.144749 9.837218 22.649716
-18.217585 9.165010 -11.529378
23.973013 10.498328 -4.297004
-12.947739 9.328814 16.969480
-2.267004 11.196666 -25.167204
15.472582 9.405252 14.109005
-25.552749 11.633965 0.059273
15.420459 9.670614 -14.191284
-2.123400 11.665602 24.854635
-12.677767 9.845261 -16.457072
23.194180 11.306223 4.048041
-17.569287 10.146320 11.233597
5.798621 11.105371 -21.769383
9.741049 10.507457 18.650733
-20.546298 11.056058 -7.449531
19.847122 11.012733 -8.245664
-8.937227 10.998216 19.214282
-6.605284 11.517168 -20.890215
17.904003 11.001492 10.321040
-21.776875 12.026918 4.840650
11.615941 11.062459 -16.602960
3.028133 12.797872 22.952044
-15.301065 11.179404 -12.835325
23.836274 13.521917 -1.040278
-13.886592 11.267507 13.883412
1.044696 13.825321 -23.774922
12.652008 11.581753 15.090752
-22.246204 13.360673 -2.940651
16.021733 11.783081 -11.201817
-4.689619 13.172052 21.073577
-9.806862 12.133942 -17.023157
19.801307 12.984295 6.267308
-17.989355 12.553575 8.362370
7.717151 12.874191 -18.558812
6.904677 13.141589 19.058746
-17.334383 12.834614 -9.059248
19.832066 13.629683 -5.276085
-10.234069 12.765970 15.997896
-3.609276 14.306820 -20.715997
14.895385 12.949935 11.481320
-21.720059 15.192200 1.850275
12.581362 13.100785 -13.662469
-0.057777 16.066563 22.505856
-12.411482 13.313597 -13.618458
21.116935 15.505239 1.908471
-14.600041 13.589967 11.134553
3.600203 15.260732 -20.050660
9.750740 13.830121 15.416160
-18.882428 15.015706 -5.127793
16.293778 14.242214 -8.408656
-6.528601 14.858680 17.735895
-7.068995 14.836764 -17.250936
16.479907 14.674525 7.764040
-17.921849 15.303643 5.571205
9.016407 14.777266 -15.465730
4.055727 15.969737 18.676755
-14.221965 14.733350 -10.053119
19.520067 16.851271 -2.477978
-11.165251 14.976684 13.179398
-0.777941 17.630590 -20.067620
12.013029 15.177274 12.134350
-19.739879 17.788386 -0.963325
13.215665 15.654460 -10.970192
-2.559665 17.385948 18.662069
-9.537109 15.667689 -13.782600
17.725529 17.210912 4.036016
-14.567733 16.077256 8.298395
5.330595 16.899702 -16.560530
7.071454 16.683554 15.409464
-15.632884 16.913508 -6.589478
16.089553 17.255479 -5.739849
-7.658979 16.768630 14.482727
-4.359882 17.917870 -16.714736
13.534818 16.943711 8.752427
-17.284729 18.679398 2.925185
9.638573 16.946386 -12.378973
1.428401 19.550345 17.796344
-11.390860 17.271155 -10.591932
18.126734 20.410378 0.135525
-11.404895 17.543759 10.293111
1.636098 19.979030 -17.169641
9.106148 17.760623 12.062685
-16.112811 19.537296 -2.973762
12.737544 18.181333 -7.969327
-4.279807 19.703074 15.461166
-6.806189 18.681223 -13.347108
14.320873 19.354642 5.351620
-13.988474 19.398653 5.653074
6.375133 19.336373 -13.362144
4.419514 20.071863 14.466666
-12.394608 19.402980 -7.306559
14.773981 20.701965 -3.132311
-8.152838 19.551340 11.415453
-1.854532 21.707461 -15.200379
10.348099 19.640101 8.854407
-15.351376 22.542794 0.520670
9.533775 19.946682 -9.346399
-0.805633 22.857462 15.002584
-8.330121 20.333610 -10.134676
14.152455 22.578939 2.012089
-10.731749 20.946851 7.349311
3.074635 22.272783 -13.205414
6.372075 21.767632 11.314896
-12.337807 22.219249 -4.037297
11.458827 21.995355 -5.190486
-4.895533 22.268862 11.457920
-4.146929 22.874512 -11.805144
10.634523 22.567997 5.691089
-11.979891 23.699249 3.063015
6.353587 22.816785 -9.720555
1.978963 24.619769 12.051830
-8.794130 23.163759 -6.915859
12.010586 25.637656 -0.904541
-7.376537 23.610728 7.856153
0.139765 25.561643 -11.318527
6.863166 24.004870 7.680116
-10.563315 25.579883 -1.058070
7.916779 24.662119 -5.915528
-1.841354 25.598124 9.711498
-4.999509 25.594125 -8.077524
8.773045 25.616365 2.475142
-7.830631 25.786434 3.945602
2.942804 25.634606 -7.758886
2.930576 25.806249 7.355378
-6.678672 25.652846 -3.225990
6.694122 25.826064 -2.008886
-3.320632 25.835971 5.571188
-1.204972 25.845879 -5.822854
4.320160 25.689328 3.117837
-4.681623 25.865694 0.548497
2.596751 25.875601 -3.004478
0.088508 25.716689 3.045726
-1.229298 25.895416 -1.265923
