1.16662        2.15641       10.50629
0.28184        2.27874       10.46630
1.37128        2.07417       11.40195
1.42549        1.49145       10.09156
1.80229        3.34606        9.88281
1.47752        3.41077        8.93971
2.08240        4.77443       12.29039
1.39020        4.62439       10.61247
3.33146        3.19651        9.84942
3.95776        3.98559        9.11831
3.83396        2.29610       10.57307
0.40217        4.65283       10.67168
1.68131        5.40426       10.07714
3.16534        5.31380       11.95084
1.54343        5.99359        4.50084
2.42820        5.87126        4.46085
1.33876        6.07582        5.39650
1.28456        6.65855        4.08611
0.90776        4.80394        3.87736
1.23253        4.73922        2.93426
0.62765        3.37557        6.28494
1.31985        3.52561        4.60702
-0.62141        4.95349        3.84397
-1.24771        4.16441        3.11286
-1.12391        5.85390        4.56762
2.30788        3.49717        4.66623
1.02873        2.74574        4.07169
-0.45529        2.83620        5.94539
4.25348        6.23141        7.51006
5.13825        6.35374        7.55005
4.04881        6.14917        6.61440
3.99461        5.56645        7.92479
3.61781        7.42106        8.13354
3.94258        7.48577        9.07664
3.33770        8.84943        5.72596
4.02990        8.69939        7.40388
2.08863        7.27151        8.16693
1.46234        8.06059        8.89803
1.58614        6.37110        7.44327
5.01793        8.72783        7.34467
3.73878        9.47926        7.93920
2.25476        9.38880        6.06550
3.87667        1.91859        1.50461
2.99190        1.79626        1.54460
4.08134        2.00083        0.60895
4.13554        2.58355        1.91934
4.51234        0.72894        2.12809
4.18757        0.66423        3.07119
4.79245       -0.69943       -0.27949
4.10025       -0.54939        1.39843
6.04151        0.87849        2.16148
6.66781        0.08941        2.89258
6.54401        1.77890        1.43783
3.11222       -0.57783        1.33922
4.39137       -1.32926        1.93375
5.87539       -1.23880        0.06005
