# typeid, x, y, z
0  -1.44756365  -1.96165788  -7.46769714
0   1.43615925  -1.96165788  -7.46769714
0  -1.44756365   0.92206502  -7.46769714
0   1.43615925   0.92206502  -7.46769714
0  -2.88942504  -3.40351939  -5.42859745
0  -0.00570218  -3.40351939  -5.42859745
0   2.87802076  -3.40351939  -5.42859745
0  -2.88942504  -0.51979643  -5.42859745
0   2.87802076  -0.51979643  -5.42859745
0  -2.88942504   2.36392641  -5.42859745
0  -0.00570218   2.36392641  -5.42859745
0   2.87802076   2.36392641  -5.42859745
0  -4.33128643  -4.84538078  -3.38949728
0  -1.44756365  -4.84538078  -3.38949728
0   1.43615925  -4.84538078  -3.38949728
0   4.31988192  -4.84538078  -3.38949728
0  -4.33128643  -1.96165788  -3.38949728
0   4.31988192  -1.96165788  -3.38949728
0  -4.33128643   0.92206502  -3.38949728
0   4.31988192   0.92206502  -3.38949728
0  -4.33128643   3.80578780  -3.38949728
0  -1.44756365   3.80578780  -3.38949728
0   1.43615925   3.80578780  -3.38949728
0   4.31988192   3.80578780  -3.38949728
0  -2.88942504  -6.28724241  -1.35039735
0  -0.00570218  -6.28724241  -1.35039735
0   2.87802076  -6.28724241  -1.35039735
0  -5.77314806  -3.40351939  -1.35039735
0   5.76174355  -3.40351939  -1.35039735
0  -5.77314806  -0.51979643  -1.35039735
0   5.76174355  -0.51979643  -1.35039735
0  -5.77314806   2.36392641  -1.35039735
0   5.76174355   2.36392641  -1.35039735
0  -2.88942504   5.24764919  -1.35039735
0  -0.00570218   5.24764919  -1.35039735
0   2.87802076   5.24764919  -1.35039735
0  -4.33128643  -4.84538078   0.68870264
0  -1.44756365  -4.84538078   0.68870264
0   1.43615925  -4.84538078   0.68870264
0   4.31988192  -4.84538078   0.68870264
0  -7.21500921  -1.96165788   0.68870264
0   7.20360518  -1.96165788   0.68870264
0  -7.21500921   0.92206502   0.68870264
0   7.20360518   0.92206502   0.68870264
0  -4.33128643   3.80578780   0.68870264
0   4.31988192   3.80578780   0.68870264
0  -1.44756365   6.68951082   0.68870264
0   1.43615925   6.68951082   0.68870264
0  -5.77314806  -3.40351939   2.72780275
0  -2.88942504  -3.40351939   2.72780275
0  -0.00570218  -3.40351939   2.72780275
0   2.87802076  -3.40351939   2.72780275
0   5.76174355  -3.40351939   2.72780275
0  -5.77314806  -0.51979643   2.72780275
0   5.76174355  -0.51979643   2.72780275
0  -5.77314806   2.36392641   2.72780275
0   5.76174355   2.36392641   2.72780275
0  -2.88942504   5.24764919   2.72780275
0  -0.00570218   5.24764919   2.72780275
0   2.87802076   5.24764919   2.72780275
0  -4.33128643  -1.96165788   4.76690245
0  -1.44756365  -1.96165788   4.76690245
0   1.43615925  -1.96165788   4.76690245
0   4.31988192  -1.96165788   4.76690245
0  -4.33128643   0.92206502   4.76690245
0   4.31988192   0.92206502   4.76690245
0  -4.33128643   3.80578780   4.76690245
0  -1.44756365   3.80578780   4.76690245
0   1.43615925   3.80578780   4.76690245
0   4.31988192   3.80578780   4.76690245
0  -2.88942504  -0.51979643   6.80600262
0  -0.00570218  -0.51979643   6.80600262
0   2.87802076  -0.51979643   6.80600262
0  -2.88942504   2.36392641   6.80600262
0  -0.00570218   2.36392641   6.80600262
0   2.87802076   2.36392641   6.80600262
1   5.71713352   5.36550999  -1.44745326
1   9.11402130   3.34832525   0.84854710
1   3.96860623   8.10995674   0.74095190
1   5.94724178   5.16579247   2.67275381
1  -5.84490681  -6.61161900  -1.16262960
1  -8.02824020  -4.69374847   1.43380022
1  -5.79295111   5.33154297  -1.53070629
1  -8.61382961   3.26453185   1.17926073
1  -3.91393566   7.96490908   0.71128750
1  -5.79682493   5.30012035   2.83185744
1   5.70322704  -6.68922615  -1.63229847
1   8.50346565  -4.30460024  -0.61344600
1  -1.78447402  -0.93342310   9.45513916
1   1.48645937   1.20340216   8.95430756
1   0.05572589  -0.63930434  -9.49792099
1   3.43846130   6.68139458   5.25146866
1   0.08813454   8.15900230   2.77138948
1   0.54157770   5.33970928   7.31576872
1  -2.59364176   6.50140095   5.31819105
1  -9.34853458  -0.62742317   1.93452179
1  -7.35453463   1.22344017   4.89302921
1  -7.11216927  -2.66345692   5.32469463
1  -5.43696785   0.41364980   7.85552883
1   8.29208279  -2.37977004   3.33679676
1   7.14468241   1.08339477   4.73789549
1   5.61343718  -1.35080981   7.40830278
1  -1.53081191  -7.77845669   1.02463770
1   2.79845142  -7.55454159   1.17105591
1  -4.27224541  -5.68305540   3.64344287
1   0.23395522  -5.92267752   4.03878355
1   4.13567924  -4.85476494   5.07308388
1  -2.80802107  -3.46268821   6.75833082
1   1.42447221  -2.94854045   7.58954906
1  -2.74306202   3.70301151  -8.06880665
1   1.21490800   3.94509912  -7.54137611
1  -2.75014353   6.04853392  -4.66069746
1  -0.24035463   8.14250278  -1.55623138
1   2.44825840   6.49490452  -3.92592025
1  -3.98609257  -0.17052564  -8.27006245
1  -5.82694340   2.38544559  -5.52467632
1  -5.94237757  -2.42694044  -5.77094793
1  -8.50041485  -3.09891915  -2.36354661
1  -8.20603561   1.00379097  -2.26822019
1   4.19751024  -2.96255207  -8.06418419
1   3.98022199   0.99314040  -9.40221214
1   5.88140583   0.09248967  -5.86841774
1   6.87959909  -3.31672621  -4.06239748
1   7.48407269   2.73996544  -3.58593082
1   8.70817947  -0.34473488  -1.37170589
1   0.43649721  -4.59397411  -8.31707859
1  -1.79574251  -6.31262016  -5.81182289
1   3.20450974  -6.32270432  -5.55748415
1   1.56172693  -8.56713772  -2.48546457
1  -2.77958202  -9.03702831  -2.81101418
