# typeid, x, y, z
0  -1.66547108  -2.16479778  -7.49308968
0   1.21825182  -2.16479778  -7.49308968
0  -1.66547108   0.71892500  -7.49308968
0   1.21825182   0.71892500  -7.49308968
0  -3.10733247  -3.60665941  -5.45398951
0  -0.22360966  -3.60665941  -5.45398951
0   2.66011310  -3.60665941  -5.45398951
0  -3.10733247  -0.72293645  -5.45398951
0   2.66011310  -0.72293645  -5.45398951
0  -3.10733247   2.16078639  -5.45398951
0  -0.22360966   2.16078639  -5.45398951
0   2.66011310   2.16078639  -5.45398951
0  -4.54919386  -5.04852057  -3.41488957
0  -1.66547108  -5.04852057  -3.41488957
0   1.21825182  -5.04852057  -3.41488957
0   4.10197449  -5.04852057  -3.41488957
0  -4.54919386  -2.16479778  -3.41488957
0   4.10197449  -2.16479778  -3.41488957
0  -4.54919386   0.71892500  -3.41488957
0   4.10197449   0.71892500  -3.41488957
0  -4.54919386   3.60264778  -3.41488957
0  -1.66547108   3.60264778  -3.41488957
0   1.21825182   3.60264778  -3.41488957
0   4.10197449   3.60264778  -3.41488957
0  -3.10733247  -6.49038219  -1.37578952
0  -0.22360966  -6.49038219  -1.37578952
0   2.66011310  -6.49038219  -1.37578952
0  -5.99105549  -3.60665941  -1.37578952
0   5.54383612  -3.60665941  -1.37578952
0  -5.99105549  -0.72293645  -1.37578952
0   5.54383612  -0.72293645  -1.37578952
0  -5.99105549   2.16078639  -1.37578952
0   5.54383612   2.16078639  -1.37578952
0  -3.10733247   5.04450941  -1.37578952
0  -0.22360966   5.04450941  -1.37578952
0   2.66011310   5.04450941  -1.37578952
0   5.54383612   5.04450941  -1.37578952
0  -4.54919386  -5.04852057   0.66331053
0  -1.66547108  -5.04852057   0.66331053
0   1.21825182  -5.04852057   0.66331053
0   4.10197449  -5.04852057   0.66331053
0  -7.43291664  -2.16479778   0.66331053
0   6.98569775  -2.16479778   0.66331053
0  -7.43291664   0.71892500   0.66331053
0   6.98569775   0.71892500   0.66331053
0  -4.54919386   3.60264778   0.66331053
0   6.98569775   3.60264778   0.66331053
0  -1.66547108   6.48637056   0.66331053
0   1.21825182   6.48637056   0.66331053
0   4.10197449   6.48637056   0.66331053
0  -5.99105549  -3.60665941   2.70241046
0  -3.10733247  -3.60665941   2.70241046
0  -0.22360966  -3.60665941   2.70241046
0   2.66011310  -3.60665941   2.70241046
0   5.54383612  -3.60665941   2.70241046
0  -5.99105549  -0.72293645   2.70241046
0   5.54383612  -0.72293645   2.70241046
0  -5.99105549   2.16078639   2.70241046
0   5.54383612   2.16078639   2.70241046
0  -3.10733247   5.04450941   2.70241046
0  -0.22360966   5.04450941   2.70241046
0   2.66011310   5.04450941   2.70241046
0   5.54383612   5.04450941   2.70241046
0  -4.54919386  -2.16479778   4.74151039
0  -1.66547108  -2.16479778   4.74151039
0   1.21825182  -2.16479778   4.74151039
0   4.10197449  -2.16479778   4.74151039
0  -4.54919386   0.71892500   4.74151039
0   4.10197449   0.71892500   4.74151039
0  -4.54919386   3.60264778   4.74151039
0  -1.66547108   3.60264778   4.74151039
0   1.21825182   3.60264778   4.74151039
0   4.10197449   3.60264778   4.74151039
0  -3.10733247  -0.72293645   6.78061056
0  -0.22360966  -0.72293645   6.78061056
0   2.66011310  -0.72293645   6.78061056
0  -3.10733247   2.16078639   6.78061056
0  -0.22360966   2.16078639   6.78061056
0   2.66011310   2.16078639   6.78061056
1   7.08331013   6.60063791   0.67154205
1  -5.96737051  -6.58342886  -1.39434314
1  -8.21634388  -4.97544718   1.37075007
1  -6.12982464   5.84813929  -2.54068065
1  -4.52485371   6.74000359   0.72869849
1  -7.45732641   3.67120624   0.73384929
1  -6.50381041   5.54379416   4.09048796
1   6.41499090  -6.68000031  -2.57397890
1   7.18994236  -5.16788912   0.79923427
1   2.20644069   0.74031788   9.30881596
1  -1.74111199   0.80535853   8.90635014
1  -0.30736259  -0.80183578  -9.66642094
1   4.23435879   8.85260868   2.36988139
1  -2.68399024   7.38084936   4.25415039
1   5.15541792   6.41262913   5.29410744
1   1.26213622   6.58163166   4.67653036
1  -2.91284537   5.10578966   7.19149160
1   1.28713179   4.37343788   7.79159546
1  -7.56720209  -2.10803962   4.66092253
1  -8.53575897   1.66806853   3.99693155
1  -5.91152000   2.08430243   7.00637102
1   8.39004993  -0.78597695   2.93068099
1   7.78668785   3.54396582   3.80913019
1   5.78499269  -0.71479434   6.70148182
1   5.38348293   3.24010730   7.41223145
1   0.90988225  -8.08301449   0.85076565
1  -3.08520627  -7.29711580   1.76412594
1   3.73683810  -6.10944605   3.38982177
1  -4.54642820  -5.03463793   4.81941462
1  -0.13970442  -5.74073410   4.49932718
1   2.53906894  -3.64090681   6.93169928
1  -1.74824178  -3.32151461   7.43719339
1  -0.12411062   3.15748262  -8.10463238
1  -3.11354852   5.07640934  -5.47459173
1   0.64155000   5.99234247  -4.86712456
1   5.35178661   6.80736923  -3.67835808
1  -1.69425011   7.50739670  -2.10986328
1   2.55379152   8.01896763  -1.40852427
1  -4.29015112   1.29497766  -8.39237022
1  -6.33286333   2.98724937  -5.66418934
1  -4.19673443  -3.31061316  -8.24216080
1  -6.13850212  -0.92673707  -5.49120760
1  -6.90529633  -4.84163237  -5.27809334
1  -8.37975311   0.99637979  -2.35262990
1  -8.79684258  -2.75134301  -2.05553031
1   5.24862814   0.64129782  -5.97818422
1   4.04815340  -2.57490993  -7.73517036
1   8.54873848  -0.81088471  -1.58676541
1   6.63663006  -3.15601015  -4.20890331
1   7.05113316   3.15840411  -3.62061477
1   3.90052176  -6.24109936  -6.09429836
1  -0.00163117  -4.84170532  -8.08913517
1  -2.76639128  -6.53625059  -5.62340689
1   1.61339653  -8.08795643  -3.60638595
