# typeid, x, y, z
0  -1.44226336  -1.44148147  -8.15639973
0   1.44145954  -1.44148147  -8.15639973
0  -1.44226336   1.44224143  -8.15639973
0   1.44145954   1.44224143  -8.15639973
0  -2.88412476  -2.88334298  -6.11730003
0  -0.00040190  -2.88334298  -6.11730003
0   2.88332105  -2.88334298  -6.11730003
0  -2.88412476   0.00038001  -6.11730003
0   2.88332105   0.00038001  -6.11730003
0  -2.88412476   2.88410282  -6.11730003
0  -0.00040190   2.88410282  -6.11730003
0   2.88332105   2.88410282  -6.11730003
0  -4.32598639  -4.32520437  -4.07819986
0  -1.44226336  -4.32520437  -4.07819986
0   1.44145954  -4.32520437  -4.07819986
0   4.32518244  -4.32520437  -4.07819986
0  -4.32598639  -1.44148147  -4.07819986
0   4.32518244  -1.44148147  -4.07819986
0  -4.32598639   1.44224143  -4.07819986
0   4.32518244   1.44224143  -4.07819986
0  -4.32598639   4.32596445  -4.07819986
0  -1.44226336   4.32596445  -4.07819986
0   1.44145954   4.32596445  -4.07819986
0   4.32518244   4.32596445  -4.07819986
0  -5.76784754  -5.76706553  -2.03909993
0  -2.88412476  -5.76706553  -2.03909993
0  -0.00040190  -5.76706553  -2.03909993
0   2.88332105  -5.76706553  -2.03909993
0   5.76704407  -5.76706553  -2.03909993
0  -5.76784754  -2.88334298  -2.03909993
0   5.76704407  -2.88334298  -2.03909993
0  -5.76784754   0.00038001  -2.03909993
0   5.76704407   0.00038001  -2.03909993
0  -5.76784754   2.88410282  -2.03909993
0   5.76704407   2.88410282  -2.03909993
0  -5.76784754   5.76782560  -2.03909993
0  -2.88412476   5.76782560  -2.03909993
0  -0.00040190   5.76782560  -2.03909993
0   2.88332105   5.76782560  -2.03909993
0   5.76704407   5.76782560  -2.03909993
0  -4.32598639  -7.20892715  -0.00000000
0  -1.44226336  -7.20892715  -0.00000000
0   1.44145954  -7.20892715  -0.00000000
0   4.32518244  -7.20892715  -0.00000000
0  -7.20970917  -4.32520437  -0.00000000
0   7.20890522  -4.32520437  -0.00000000
0  -7.20970917  -1.44148147  -0.00000000
0   7.20890522  -1.44148147  -0.00000000
0  -7.20970917   1.44224143  -0.00000000
0   7.20890522   1.44224143  -0.00000000
0  -7.20970917   4.32596445  -0.00000000
0   7.20890522   4.32596445  -0.00000000
0  -4.32598639   7.20968723  -0.00000000
0  -1.44226336   7.20968723  -0.00000000
0   1.44145954   7.20968723  -0.00000000
0   4.32518244   7.20968723  -0.00000000
0  -5.76784754  -5.76706553   2.03909993
0  -2.88412476  -5.76706553   2.03909993
0  -0.00040190  -5.76706553   2.03909993
0   2.88332105  -5.76706553   2.03909993
0   5.76704407  -5.76706553   2.03909993
0  -5.76784754  -2.88334298   2.03909993
0   5.76704407  -2.88334298   2.03909993
0  -5.76784754   0.00038001   2.03909993
0   5.76704407   0.00038001   2.03909993
0  -5.76784754   2.88410282   2.03909993
0   5.76704407   2.88410282   2.03909993
0  -5.76784754   5.76782560   2.03909993
0  -2.88412476   5.76782560   2.03909993
0  -0.00040190   5.76782560   2.03909993
0   2.88332105   5.76782560   2.03909993
0   5.76704407   5.76782560   2.03909993
0  -4.32598639  -4.32520437   4.07819986
0  -1.44226336  -4.32520437   4.07819986
0   1.44145954  -4.32520437   4.07819986
0   4.32518244  -4.32520437   4.07819986
0  -4.32598639  -1.44148147   4.07819986
0   4.32518244  -1.44148147   4.07819986
0  -4.32598639   1.44224143   4.07819986
0   4.32518244   1.44224143   4.07819986
0  -4.32598639   4.32596445   4.07819986
0  -1.44226336   4.32596445   4.07819986
0   1.44145954   4.32596445   4.07819986
0   4.32518244   4.32596445   4.07819986
0  -2.88412476  -2.88334298   6.11730003
0  -0.00040190  -2.88334298   6.11730003
0   2.88332105  -2.88334298   6.11730003
0  -2.88412476   0.00038001   6.11730003
0   2.88332105   0.00038001   6.11730003
0  -2.88412476   2.88410282   6.11730003
0  -0.00040190   2.88410282   6.11730003
0   2.88332105   2.88410282   6.11730003
0  -1.44226336  -1.44148147   8.15639973
0   1.44145954  -1.44148147   8.15639973
0  -1.44226336   1.44224143   8.15639973
0   1.44145954   1.44224143   8.15639973
1   7.20759201   7.34990168   0.10629838
1  -7.42987108  -7.20657444  -0.13484241
1  -7.29135084   7.35855007   0.02483226
1   7.21383572  -7.48057508  -0.22477086
1  -0.04859810  -0.00239222  10.31425762
1   0.04110717  -0.08150218 -10.26700783
1  -4.05918074   8.30246544   2.76724529
1   0.01344189   9.05568314   1.58471167
1   4.16412640   8.30671978   2.63950562
1  -0.04543963   6.79085922   4.91342211
1   3.78286767   5.72899103   6.58525848
1  -3.42052960   5.81076336   6.46823454
1   0.13138545   4.16416502   8.67339993
1  -8.20672703  -1.16969657   2.76830912
1  -8.85969734   3.13008595   1.98629200
1  -7.21014595  -4.45505857   4.18082714
1  -6.54401875   2.87318611   5.36300993
1  -5.71262264  -0.90291750   6.48055935
1  -4.21756077   1.91964519   8.72406101
1   8.12818623   1.28355801   2.90983558
1   8.99686623  -2.80830312   1.89107001
1   6.61687422  -2.79059386   5.10381317
1   7.23265791   4.66998863   4.15547371
1   5.73843861   1.78740537   6.44546986
1   4.31771231  -1.54269087   8.34678555
1  -3.04212308  -9.75687218   1.00623131
1  -4.43443489  -7.43136501   3.97209263
1   4.27643919  -7.28364754   4.12963343
1   0.69160450  -8.64832497   2.37668467
1  -3.80560207  -5.35136032   7.00985289
1  -0.23062235  -6.44181156   5.43403912
1   3.57440639  -5.40168905   7.52008009
1  -0.33736485  -3.93060899   8.88750076
1   1.83773947   4.25854874  -8.47584343
1  -1.52830470   5.47597694  -6.61194086
1   2.98934937   6.74879646  -5.15518856
1  -4.47992277   7.12074471  -4.20187569
1  -1.00323045   8.25082493  -2.94539213
1   2.85105824   8.91178894  -1.86067963
1  -4.18078089   0.51558203  -8.75222874
1  -5.81796074  -2.69058108  -6.20171118
1  -7.00854683   0.89250153  -4.38237667
1  -5.51726341   3.91990304  -6.75783587
1  -8.21182346   4.39035416  -2.81457996
1  -8.64624882  -3.66679454  -2.44565010
1  -9.53083134   0.02387378  -0.94316965
1   4.32513332   1.24061525  -8.36727428
1   7.07834911   0.85363579  -4.44959879
1   6.16893196   4.50629187  -6.50835323
1   5.70468712  -2.62868810  -6.35568619
1   8.28008842   4.08901405  -2.69220829
1   9.50452232   0.10218450  -1.25392735
1   8.47244167  -3.76422071  -2.41750360
1   0.10118948  -4.05210495  -8.76301765
1  -2.86764622  -5.82429218  -6.32529783
1   3.13987303  -5.62200403  -7.00752354
1   0.27166855  -7.00043678  -4.58806086
1   4.06140614  -8.37036610  -2.68553495
1  -4.13883686  -8.39767456  -2.76888895
1   0.02535172  -9.37398815  -1.55718613
