# typeid, x, y, z
0  -1.62038410  -3.59658670  -7.51526451
0   1.26333880  -3.59658670  -7.51526451
0  -1.62038410  -0.71286374  -7.51526451
0   1.26333880  -0.71286374  -7.51526451
0  -1.62038410   2.17085910  -7.51526451
0   1.26333880   2.17085910  -7.51526451
0  -3.06224561  -5.03844786  -5.47616434
0  -0.17852269  -5.03844786  -5.47616434
0   2.70520020  -5.03844786  -5.47616434
0  -3.06224561  -2.15472507  -5.47616434
0   2.70520020  -2.15472507  -5.47616434
0  -3.06224561   0.72899771  -5.47616434
0   2.70520020   0.72899771  -5.47616434
0  -3.06224561   3.61272049  -5.47616434
0  -0.17852269   3.61272049  -5.47616434
0   2.70520020   3.61272049  -5.47616434
0  -4.50410700  -6.48030949  -3.43706465
0  -1.62038410  -6.48030949  -3.43706465
0   1.26333880  -6.48030949  -3.43706465
0   4.14706182  -6.48030949  -3.43706465
0  -4.50410700  -3.59658670  -3.43706465
0   4.14706182  -3.59658670  -3.43706465
0  -4.50410700  -0.71286374  -3.43706465
0   4.14706182  -0.71286374  -3.43706465
0  -4.50410700   2.17085910  -3.43706465
0   4.14706182   2.17085910  -3.43706465
0  -4.50410700   5.05458212  -3.43706465
0  -1.62038410   5.05458212  -3.43706465
0   1.26333880   5.05458212  -3.43706465
0   4.14706182   5.05458212  -3.43706465
0  -3.06224561  -7.92217112  -1.39796460
0  -0.17852269  -7.92217112  -1.39796460
0   2.70520020  -7.92217112  -1.39796460
0  -5.94596863  -5.03844786  -1.39796460
0   5.58892298  -5.03844786  -1.39796460
0  -5.94596863  -2.15472507  -1.39796460
0   5.58892298  -2.15472507  -1.39796460
0  -5.94596863   0.72899771  -1.39796460
0   5.58892298   0.72899771  -1.39796460
0  -5.94596863   3.61272049  -1.39796460
0   5.58892298   3.61272049  -1.39796460
0  -3.06224561   6.49644327  -1.39796460
0  -0.17852269   6.49644327  -1.39796460
0   2.70520020   6.49644327  -1.39796460
0   5.58892298   6.49644327  -1.39796460
0  -4.50410700  -6.48030949   0.64113545
0  -1.62038410  -6.48030949   0.64113545
0   1.26333880  -6.48030949   0.64113545
0   4.14706182  -6.48030949   0.64113545
0  -7.38782978  -3.59658670   0.64113545
0   7.03078461  -3.59658670   0.64113545
0  -7.38782978  -0.71286374   0.64113545
0   7.03078461  -0.71286374   0.64113545
0  -7.38782978   2.17085910   0.64113545
0   7.03078461   2.17085910   0.64113545
0  -4.50410700   5.05458212   0.64113545
0   7.03078461   5.05458212   0.64113545
0  -1.62038410   7.93830490   0.64113545
0   1.26333880   7.93830490   0.64113545
0   4.14706182   7.93830490   0.64113545
0  -5.94596863  -5.03844786   2.68023539
0  -3.06224561  -5.03844786   2.68023539
0  -0.17852269  -5.03844786   2.68023539
0   2.70520020  -5.03844786   2.68023539
0   5.58892298  -5.03844786   2.68023539
0  -5.94596863  -2.15472507   2.68023539
0   5.58892298  -2.15472507   2.68023539
0  -5.94596863   0.72899771   2.68023539
0   5.58892298   0.72899771   2.68023539
0  -5.94596863   3.61272049   2.68023539
0   5.58892298   3.61272049   2.68023539
0  -3.06224561   6.49644327   2.68023539
0  -0.17852269   6.49644327   2.68023539
0   2.70520020   6.49644327   2.68023539
0   5.58892298   6.49644327   2.68023539
0  -4.50410700  -3.59658670   4.71933556
0  -1.62038410  -3.59658670   4.71933556
0   1.26333880  -3.59658670   4.71933556
0   4.14706182  -3.59658670   4.71933556
0  -4.50410700  -0.71286374   4.71933556
0   4.14706182  -0.71286374   4.71933556
0  -4.50410700   2.17085910   4.71933556
0   4.14706182   2.17085910   4.71933556
0  -4.50410700   5.05458212   4.71933556
0  -1.62038410   5.05458212   4.71933556
0   1.26333880   5.05458212   4.71933556
0   4.14706182   5.05458212   4.71933556
0  -3.06224561  -2.15472507   6.75843525
0  -0.17852269  -2.15472507   6.75843525
0   2.70520020  -2.15472507   6.75843525
0  -3.06224561   0.72899771   6.75843525
0  -0.17852269   0.72899771   6.75843525
0   2.70520020   0.72899771   6.75843525
0  -3.06224561   3.61272049   6.75843525
0  -0.17852269   3.61272049   6.75843525
0   2.70520020   3.61272049   6.75843525
1   7.06509447   8.06507397   0.53706801
1  -5.80018568  -8.76067924  -2.09799671
1  -7.68188238  -6.40761423   0.58700103
1  -6.25476503   6.50568438  -1.40510941
1  -9.03109169   4.55850792   0.80147040
1  -4.12175274   9.31467247   0.62660158
1  -6.01181126   6.62909937   2.81236815
1   5.57786512  -8.65158844  -2.13701797
1   7.12306356  -6.55217266   0.76573431
1   1.28971362   2.32328844   8.84306717
1  -1.53851378  -1.07598054   8.91735077
1   2.55715728  -1.28767955   9.48647976
1  -2.57140279   3.03079128   9.67068863
1  -0.09948425   1.25501943  -9.90648937
1  -0.14291196  -2.35997558  -9.67895889
1   4.40755892   9.20347977   3.16729999
1  -0.22289838  10.33091736   1.77026081
1   1.15247774   7.94448137   4.77489948
1  -2.85749745   8.43442726   4.68001032
1   3.88885117   6.31301308   7.43689728
1  -1.12556589   6.24465561   7.62721920
1  -9.46583080  -3.67016840   2.59908271
1  -8.09491825   3.41337562   4.65663528
1  -6.97886038  -4.79964590   5.38571835
1  -7.38140631  -0.67034209   4.82917070
1  -5.62291622  -2.06433320   8.13553810
1  -5.63662052   1.91508150   7.46569300
1   9.25562668  -2.11228919   1.92273962
1   8.08372879  -5.50181293   4.59054470
1   8.27341270   1.98323548   3.20785952
1   6.98538828  -1.07180083   5.03265667
1   6.98798513   5.07088661   4.78533602
1   5.24868679   2.00188327   7.40944099
1  -1.78616273  -9.42358017   0.82806450
1   2.66743183  -8.84259224   1.44100714
1   0.05397600  -6.95184660   4.70024538
1   4.17248774  -6.57889509   4.84431887
1  -4.24238539  -7.41776800   3.41508412
1  -3.08258557  -5.10611010   6.69693708
1   1.29527938  -4.63566542   7.58057880
1   1.36112559   5.10675669  -7.55533743
1   1.47456956   7.81900978  -4.39360952
1   5.32995176   7.53142881  -4.18898726
1  -3.06657100   6.78746510  -5.13809681
1  -1.57105577   8.94488335  -2.22586656
1   2.82477617   9.60972881  -1.26739049
1  -4.49769449  -3.78465939  -7.52665520
1  -4.09334373   0.66394085  -8.37925529
1  -6.61355829  -0.39431974  -5.11293125
1  -5.97619200   3.60415697  -5.55284739
1  -8.26368809   2.13191724  -2.34968162
1  -7.15855169  -4.96015120  -4.08893299
1  -8.87511253  -2.43853664  -1.62350166
1   3.99267244   2.27087092  -8.60984325
1   3.73595572  -2.10114932  -8.17805099
1   6.15770435  -0.30676371  -5.39687204
1   5.82828093   3.83654642  -5.41490555
1   5.72342825  -4.82763767  -5.56679392
1   8.04370308   4.74479151  -2.16413903
1   8.12913036  -3.58436942  -2.13492942
1   8.52264786   0.67546630  -1.40438306
1  -1.49500453  -6.70702028  -7.40631819
1  -1.74572313  -9.30575848  -3.74051237
1   2.59750080  -8.17008781  -5.45859480
