# typeid, x, y, z
0  -4.84126997  -6.28268814 -17.33234978
0  -1.95754731  -6.28268814 -17.33234978
0   0.92617559  -6.28268814 -17.33234978
0   3.80989838  -6.28268814 -17.33234978
0   6.69362116  -6.28268814 -17.33234978
0  -4.84126997  -3.39896512 -17.33234978
0  -1.95754731  -3.39896512 -17.33234978
0   0.92617559  -3.39896512 -17.33234978
0   3.80989838  -3.39896512 -17.33234978
0   6.69362116  -3.39896512 -17.33234978
0  -4.84126997  -0.51524228 -17.33234978
0  -1.95754731  -0.51524228 -17.33234978
0   0.92617559  -0.51524228 -17.33234978
0   3.80989838  -0.51524228 -17.33234978
0   6.69362116  -0.51524228 -17.33234978
0  -4.84126997   2.36848068 -17.33234978
0  -1.95754731   2.36848068 -17.33234978
0   0.92617559   2.36848068 -17.33234978
0   3.80989838   2.36848068 -17.33234978
0   6.69362116   2.36848068 -17.33234978
0  -4.84126997   5.25220346 -17.33234978
0  -1.95754731   5.25220346 -17.33234978
0   0.92617559   5.25220346 -17.33234978
0   3.80989838   5.25220346 -17.33234978
0   6.69362116   5.25220346 -17.33234978
0  -6.28313160  -7.72454929 -15.29325008
0  -3.39940882  -7.72454929 -15.29325008
0  -0.51568586  -7.72454929 -15.29325008
0   2.36803699  -7.72454929 -15.29325008
0   5.25176001  -7.72454929 -15.29325008
0   8.13548279  -7.72454929 -15.29325008
0  -6.28313160  -4.84082651 -15.29325008
0   8.13548279  -4.84082651 -15.29325008
0  -6.28313160  -1.95710373 -15.29325008
0   8.13548279  -1.95710373 -15.29325008
0  -6.28313160   0.92661917 -15.29325008
0   8.13548279   0.92661917 -15.29325008
0  -6.28313160   3.81034207 -15.29325008
0   8.13548279   3.81034207 -15.29325008
0  -6.28313160   6.69406509 -15.29325008
0  -3.39940882   6.69406509 -15.29325008
0  -0.51568586   6.69406509 -15.29325008
0   2.36803699   6.69406509 -15.29325008
0   5.25176001   6.69406509 -15.29325008
0   8.13548279   6.69406509 -15.29325008
0  -7.72499323  -9.16641045 -13.25415039
0  -4.84126997  -9.16641045 -13.25415039
0  -1.95754731  -9.16641045 -13.25415039
0   0.92617559  -9.16641045 -13.25415039
0   3.80989838  -9.16641045 -13.25415039
0   6.69362116  -9.16641045 -13.25415039
0   9.57734394  -9.16641045 -13.25415039
0  -7.72499323  -6.28268814 -13.25415039
0   9.57734394  -6.28268814 -13.25415039
0  -7.72499323  -3.39896512 -13.25415039
0   9.57734394  -3.39896512 -13.25415039
0  -7.72499323  -0.51524228 -13.25415039
0   9.57734394  -0.51524228 -13.25415039
0  -7.72499323   2.36848068 -13.25415039
0   9.57734394   2.36848068 -13.25415039
0  -7.72499323   5.25220346 -13.25415039
0   9.57734394   5.25220346 -13.25415039
0  -7.72499323   8.13592625 -13.25415039
0  -4.84126997   8.13592625 -13.25415039
0  -1.95754731   8.13592625 -13.25415039
0   0.92617559   8.13592625 -13.25415039
0   3.80989838   8.13592625 -13.25415039
0   6.69362116   8.13592625 -13.25415039
0   9.57734394   8.13592625 -13.25415039
0  -9.16685486 -10.60827255 -11.21504974
0  -6.28313160 -10.60827255 -11.21504974
0  -3.39940882 -10.60827255 -11.21504974
0  -0.51568586 -10.60827255 -11.21504974
0   2.36803699 -10.60827255 -11.21504974
0   5.25176001 -10.60827255 -11.21504974
0   8.13548279 -10.60827255 -11.21504974
0  11.01920605 -10.60827255 -11.21504974
0  -9.16685486  -7.72454929 -11.21504974
0  11.01920605  -7.72454929 -11.21504974
0  -9.16685486  -4.84082651 -11.21504974
0  11.01920605  -4.84082651 -11.21504974
0  -9.16685486  -1.95710373 -11.21504974
0  11.01920605  -1.95710373 -11.21504974
0  -9.16685486   0.92661917 -11.21504974
0  11.01920605   0.92661917 -11.21504974
0  -9.16685486   3.81034207 -11.21504974
0  11.01920605   3.81034207 -11.21504974
0  -9.16685486   6.69406509 -11.21504974
0  11.01920605   6.69406509 -11.21504974
0  -9.16685486   9.57778740 -11.21504974
0  -6.28313160   9.57778740 -11.21504974
0  -3.39940882   9.57778740 -11.21504974
0  -0.51568586   9.57778740 -11.21504974
0   2.36803699   9.57778740 -11.21504974
0   5.25176001   9.57778740 -11.21504974
0   8.13548279   9.57778740 -11.21504974
0  11.01920605   9.57778740 -11.21504974
0 -10.60871601 -12.05013371  -9.17595005
0  -7.72499323 -12.05013371  -9.17595005
0  -4.84126997 -12.05013371  -9.17595005
0  -1.95754731 -12.05013371  -9.17595005
0   0.92617559 -12.05013371  -9.17595005
0   3.80989838 -12.05013371  -9.17595005
0   6.69362116 -12.05013371  -9.17595005
0   9.57734394 -12.05013371  -9.17595005
0  12.46106720 -12.05013371  -9.17595005
0 -10.60871601  -9.16641045  -9.17595005
0  12.46106720  -9.16641045  -9.17595005
0 -10.60871601  -6.28268814  -9.17595005
0  12.46106720  -6.28268814  -9.17595005
0 -10.60871601  -3.39896512  -9.17595005
0  12.46106720  -3.39896512  -9.17595005
0 -10.60871601  -0.51524228  -9.17595005
0  12.46106720  -0.51524228  -9.17595005
0 -10.60871601   2.36848068  -9.17595005
0  12.46106720   2.36848068  -9.17595005
0 -10.60871601   5.25220346  -9.17595005
0  12.46106720   5.25220346  -9.17595005
0 -10.60871601   8.13592625  -9.17595005
0  12.46106720   8.13592625  -9.17595005
0 -10.60871601  11.01964951  -9.17595005
0  -7.72499323  11.01964951  -9.17595005
0  -4.84126997  11.01964951  -9.17595005
0  -1.95754731  11.01964951  -9.17595005
0   0.92617559  11.01964951  -9.17595005
0   3.80989838  11.01964951  -9.17595005
0   6.69362116  11.01964951  -9.17595005
0   9.57734394  11.01964951  -9.17595005
0  12.46106720  11.01964951  -9.17595005
0 -12.05057716 -13.49199486  -7.13684988
0  -9.16685486 -13.49199486  -7.13684988
0  -6.28313160 -13.49199486  -7.13684988
0  -3.39940882 -13.49199486  -7.13684988
0  -0.51568586 -13.49199486  -7.13684988
0   2.36803699 -13.49199486  -7.13684988
0   5.25176001 -13.49199486  -7.13684988
0   8.13548279 -13.49199486  -7.13684988
0  11.01920605 -13.49199486  -7.13684988
0 -12.05057716 -10.60827255  -7.13684988
0  13.90292835 -10.60827255  -7.13684988
0 -12.05057716  -7.72454929  -7.13684988
0  13.90292835  -7.72454929  -7.13684988
0 -12.05057716  -4.84082651  -7.13684988
0  13.90292835  -4.84082651  -7.13684988
0 -12.05057716  -1.95710373  -7.13684988
0  13.90292835  -1.95710373  -7.13684988
0 -12.05057716   0.92661917  -7.13684988
0  13.90292835   0.92661917  -7.13684988
0 -12.05057716   3.81034207  -7.13684988
0  13.90292835   3.81034207  -7.13684988
0 -12.05057716   6.69406509  -7.13684988
0  13.90292835   6.69406509  -7.13684988
0 -12.05057716   9.57778740  -7.13684988
0  13.90292835   9.57778740  -7.13684988
0 -12.05057716  12.46151066  -7.13684988
0  -9.16685486  12.46151066  -7.13684988
0  -6.28313160  12.46151066  -7.13684988
0  -3.39940882  12.46151066  -7.13684988
0  -0.51568586  12.46151066  -7.13684988
0   2.36803699  12.46151066  -7.13684988
0   5.25176001  12.46151066  -7.13684988
0   8.13548279  12.46151066  -7.13684988
0  11.01920605  12.46151066  -7.13684988
0 -10.60871601 -14.93385696  -5.09775019
0  -7.72499323 -14.93385696  -5.09775019
0  -4.84126997 -14.93385696  -5.09775019
0  -1.95754731 -14.93385696  -5.09775019
0   0.92617559 -14.93385696  -5.09775019
0   3.80989838 -14.93385696  -5.09775019
0   6.69362116 -14.93385696  -5.09775019
0   9.57734394 -14.93385696  -5.09775019
0 -13.49243832 -12.05013371  -5.09775019
0  12.46106720 -12.05013371  -5.09775019
0 -13.49243832  -9.16641045  -5.09775019
0  15.34478951  -9.16641045  -5.09775019
0 -13.49243832  -6.28268814  -5.09775019
0  15.34478951  -6.28268814  -5.09775019
0 -13.49243832  -3.39896512  -5.09775019
0  15.34478951  -3.39896512  -5.09775019
0 -13.49243832  -0.51524228  -5.09775019
0  15.34478951  -0.51524228  -5.09775019
0 -13.49243832   2.36848068  -5.09775019
0  15.34478951   2.36848068  -5.09775019
0 -13.49243832   5.25220346  -5.09775019
0  15.34478951   5.25220346  -5.09775019
0 -13.49243832   8.13592625  -5.09775019
0  15.34478951   8.13592625  -5.09775019
0 -13.49243832  11.01964951  -5.09775019
0  12.46106720  11.01964951  -5.09775019
0 -10.60871601  13.90337181  -5.09775019
0  -7.72499323  13.90337181  -5.09775019
0  -4.84126997  13.90337181  -5.09775019
0  -1.95754731  13.90337181  -5.09775019
0   0.92617559  13.90337181  -5.09775019
0   3.80989838  13.90337181  -5.09775019
0   6.69362116  13.90337181  -5.09775019
0   9.57734394  13.90337181  -5.09775019
0  -9.16685486 -16.37571716  -3.05865002
0  -6.28313160 -16.37571716  -3.05865002
0  -3.39940882 -16.37571716  -3.05865002
0  -0.51568586 -16.37571716  -3.05865002
0   2.36803699 -16.37571716  -3.05865002
0   5.25176001 -16.37571716  -3.05865002
0   8.13548279 -16.37571716  -3.05865002
0 -12.05057716 -13.49199486  -3.05865002
0  11.01920605 -13.49199486  -3.05865002
0 -14.93430042 -10.60827255  -3.05865002
0  13.90292835 -10.60827255  -3.05865002
0 -14.93430042  -7.72454929  -3.05865002
0  16.78665161  -7.72454929  -3.05865002
0 -14.93430042  -4.84082651  -3.05865002
0  16.78665161  -4.84082651  -3.05865002
0 -14.93430042  -1.95710373  -3.05865002
0  16.78665161  -1.95710373  -3.05865002
0 -14.93430042   0.92661917  -3.05865002
0  16.78665161   0.92661917  -3.05865002
0 -14.93430042   3.81034207  -3.05865002
0  16.78665161   3.81034207  -3.05865002
0 -14.93430042   6.69406509  -3.05865002
0  16.78665161   6.69406509  -3.05865002
0 -14.93430042   9.57778740  -3.05865002
0  13.90292835   9.57778740  -3.05865002
0 -12.05057716  12.46151066  -3.05865002
0  11.01920605  12.46151066  -3.05865002
0  -9.16685486  15.34523392  -3.05865002
0  -6.28313160  15.34523392  -3.05865002
0  -3.39940882  15.34523392  -3.05865002
0  -0.51568586  15.34523392  -3.05865002
0   2.36803699  15.34523392  -3.05865002
0   5.25176001  15.34523392  -3.05865002
0   8.13548279  15.34523392  -3.05865002
0  -7.72499323 -17.81757927  -1.01954997
0  -4.84126997 -17.81757927  -1.01954997
0  -1.95754731 -17.81757927  -1.01954997
0   0.92617559 -17.81757927  -1.01954997
0   3.80989838 -17.81757927  -1.01954997
0   6.69362116 -17.81757927  -1.01954997
0 -10.60871601 -14.93385696  -1.01954997
0   9.57734394 -14.93385696  -1.01954997
0 -13.49243832 -12.05013371  -1.01954997
0  12.46106720 -12.05013371  -1.01954997
0 -16.37616158  -9.16641045  -1.01954997
0  15.34478951  -9.16641045  -1.01954997
0 -16.37616158  -6.28268814  -1.01954997
0  18.22851372  -6.28268814  -1.01954997
0 -16.37616158  -3.39896512  -1.01954997
0  18.22851372  -3.39896512  -1.01954997
0 -16.37616158  -0.51524228  -1.01954997
0  18.22851372  -0.51524228  -1.01954997
0 -16.37616158   2.36848068  -1.01954997
0  18.22851372   2.36848068  -1.01954997
0 -16.37616158   5.25220346  -1.01954997
0  18.22851372   5.25220346  -1.01954997
0 -16.37616158   8.13592625  -1.01954997
0  15.34478951   8.13592625  -1.01954997
0 -13.49243832  11.01964951  -1.01954997
0  12.46106720  11.01964951  -1.01954997
0 -10.60871601  13.90337181  -1.01954997
0   9.57734394  13.90337181  -1.01954997
0  -7.72499323  16.78709412  -1.01954997
0  -4.84126997  16.78709412  -1.01954997
0  -1.95754731  16.78709412  -1.01954997
0   0.92617559  16.78709412  -1.01954997
0   3.80989838  16.78709412  -1.01954997
0   6.69362116  16.78709412  -1.01954997
0  -9.16685486 -16.37571716   1.01954997
0  -6.28313160 -16.37571716   1.01954997
0  -3.39940882 -16.37571716   1.01954997
0  -0.51568586 -16.37571716   1.01954997
0   2.36803699 -16.37571716   1.01954997
0   5.25176001 -16.37571716   1.01954997
0   8.13548279 -16.37571716   1.01954997
0 -12.05057716 -13.49199486   1.01954997
0  11.01920605 -13.49199486   1.01954997
0 -14.93430042 -10.60827255   1.01954997
0  13.90292835 -10.60827255   1.01954997
0 -17.81802368  -7.72454929   1.01954997
0  16.78665161  -7.72454929   1.01954997
0 -17.81802368  -4.84082651   1.01954997
0  16.78665161  -4.84082651   1.01954997
0 -17.81802368  -1.95710373   1.01954997
0  16.78665161  -1.95710373   1.01954997
0 -17.81802368   0.92661917   1.01954997
0  16.78665161   0.92661917   1.01954997
0 -17.81802368   3.81034207   1.01954997
0  16.78665161   3.81034207   1.01954997
0 -17.81802368   6.69406509   1.01954997
0  16.78665161   6.69406509   1.01954997
0 -14.93430042   9.57778740   1.01954997
0  13.90292835   9.57778740   1.01954997
0 -12.05057716  12.46151066   1.01954997
0  11.01920605  12.46151066   1.01954997
0  -9.16685486  15.34523392   1.01954997
0   8.13548279  15.34523392   1.01954997
0  -6.28313160  18.22895622   1.01954997
0  -3.39940882  18.22895622   1.01954997
0  -0.51568586  18.22895622   1.01954997
0   2.36803699  18.22895622   1.01954997
0   5.25176001  18.22895622   1.01954997
0 -10.60871601 -14.93385696   3.05865002
0  -7.72499323 -14.93385696   3.05865002
0  -4.84126997 -14.93385696   3.05865002
0  -1.95754731 -14.93385696   3.05865002
0   0.92617559 -14.93385696   3.05865002
0   3.80989838 -14.93385696   3.05865002
0   6.69362116 -14.93385696   3.05865002
0   9.57734394 -14.93385696   3.05865002
0 -13.49243832 -12.05013371   3.05865002
0  12.46106720 -12.05013371   3.05865002
0 -16.37616158  -9.16641045   3.05865002
0  15.34478951  -9.16641045   3.05865002
0 -16.37616158  -6.28268814   3.05865002
0  15.34478951  -6.28268814   3.05865002
0 -16.37616158  -3.39896512   3.05865002
0  15.34478951  -3.39896512   3.05865002
0 -16.37616158  -0.51524228   3.05865002
0  15.34478951  -0.51524228   3.05865002
0 -16.37616158   2.36848068   3.05865002
0  15.34478951   2.36848068   3.05865002
0 -16.37616158   5.25220346   3.05865002
0  15.34478951   5.25220346   3.05865002
0 -16.37616158   8.13592625   3.05865002
0  15.34478951   8.13592625   3.05865002
0 -13.49243832  11.01964951   3.05865002
0  12.46106720  11.01964951   3.05865002
0 -10.60871601  13.90337181   3.05865002
0   9.57734394  13.90337181   3.05865002
0  -7.72499323  16.78709412   3.05865002
0  -4.84126997  16.78709412   3.05865002
0  -1.95754731  16.78709412   3.05865002
0   0.92617559  16.78709412   3.05865002
0   3.80989838  16.78709412   3.05865002
0   6.69362116  16.78709412   3.05865002
0 -12.05057716 -13.49199486   5.09775019
0  -9.16685486 -13.49199486   5.09775019
0  -6.28313160 -13.49199486   5.09775019
0  -3.39940882 -13.49199486   5.09775019
0  -0.51568586 -13.49199486   5.09775019
0   2.36803699 -13.49199486   5.09775019
0   5.25176001 -13.49199486   5.09775019
0   8.13548279 -13.49199486   5.09775019
0  11.01920605 -13.49199486   5.09775019
0 -14.93430042 -10.60827255   5.09775019
0  13.90292835 -10.60827255   5.09775019
0 -14.93430042  -7.72454929   5.09775019
0  13.90292835  -7.72454929   5.09775019
0 -14.93430042  -4.84082651   5.09775019
0  13.90292835  -4.84082651   5.09775019
0 -14.93430042  -1.95710373   5.09775019
0  13.90292835  -1.95710373   5.09775019
0 -14.93430042   0.92661917   5.09775019
0  13.90292835   0.92661917   5.09775019
0 -14.93430042   3.81034207   5.09775019
0  13.90292835   3.81034207   5.09775019
0 -14.93430042   6.69406509   5.09775019
0  13.90292835   6.69406509   5.09775019
0 -14.93430042   9.57778740   5.09775019
0  13.90292835   9.57778740   5.09775019
0 -12.05057716  12.46151066   5.09775019
0  11.01920605  12.46151066   5.09775019
0  -9.16685486  15.34523392   5.09775019
0  -6.28313160  15.34523392   5.09775019
0  -3.39940882  15.34523392   5.09775019
0  -0.51568586  15.34523392   5.09775019
0   2.36803699  15.34523392   5.09775019
0   5.25176001  15.34523392   5.09775019
0   8.13548279  15.34523392   5.09775019
0 -13.49243832 -12.05013371   7.13684988
0 -10.60871601 -12.05013371   7.13684988
0  -7.72499323 -12.05013371   7.13684988
0  -4.84126997 -12.05013371   7.13684988
0  -1.95754731 -12.05013371   7.13684988
0   0.92617559 -12.05013371   7.13684988
0   3.80989838 -12.05013371   7.13684988
0   6.69362116 -12.05013371   7.13684988
0   9.57734394 -12.05013371   7.13684988
0  12.46106720 -12.05013371   7.13684988
0 -13.49243832  -9.16641045   7.13684988
0  12.46106720  -9.16641045   7.13684988
0 -13.49243832  -6.28268814   7.13684988
0  12.46106720  -6.28268814   7.13684988
0 -13.49243832  -3.39896512   7.13684988
0  12.46106720  -3.39896512   7.13684988
0 -13.49243832  -0.51524228   7.13684988
0  12.46106720  -0.51524228   7.13684988
0 -13.49243832   2.36848068   7.13684988
0  12.46106720   2.36848068   7.13684988
0 -13.49243832   5.25220346   7.13684988
0  12.46106720   5.25220346   7.13684988
0 -13.49243832   8.13592625   7.13684988
0  12.46106720   8.13592625   7.13684988
0 -13.49243832  11.01964951   7.13684988
0  12.46106720  11.01964951   7.13684988
0 -10.60871601  13.90337181   7.13684988
0  -7.72499323  13.90337181   7.13684988
0  -4.84126997  13.90337181   7.13684988
0  -1.95754731  13.90337181   7.13684988
0   0.92617559  13.90337181   7.13684988
0   3.80989838  13.90337181   7.13684988
0   6.69362116  13.90337181   7.13684988
0   9.57734394  13.90337181   7.13684988
0 -12.05057716 -10.60827255   9.17595005
0  -9.16685486 -10.60827255   9.17595005
0  -6.28313160 -10.60827255   9.17595005
0  -3.39940882 -10.60827255   9.17595005
0  -0.51568586 -10.60827255   9.17595005
0   2.36803699 -10.60827255   9.17595005
0   5.25176001 -10.60827255   9.17595005
0   8.13548279 -10.60827255   9.17595005
0  11.01920605 -10.60827255   9.17595005
0 -12.05057716  -7.72454929   9.17595005
0  11.01920605  -7.72454929   9.17595005
0 -12.05057716  -4.84082651   9.17595005
0  11.01920605  -4.84082651   9.17595005
0 -12.05057716  -1.95710373   9.17595005
0  11.01920605  -1.95710373   9.17595005
0 -12.05057716   0.92661917   9.17595005
0  11.01920605   0.92661917   9.17595005
0 -12.05057716   3.81034207   9.17595005
0  11.01920605   3.81034207   9.17595005
0 -12.05057716   6.69406509   9.17595005
0  11.01920605   6.69406509   9.17595005
0 -12.05057716   9.57778740   9.17595005
0  11.01920605   9.57778740   9.17595005
0 -12.05057716  12.46151066   9.17595005
0  -9.16685486  12.46151066   9.17595005
0  -6.28313160  12.46151066   9.17595005
0  -3.39940882  12.46151066   9.17595005
0  -0.51568586  12.46151066   9.17595005
0   2.36803699  12.46151066   9.17595005
0   5.25176001  12.46151066   9.17595005
0   8.13548279  12.46151066   9.17595005
0  11.01920605  12.46151066   9.17595005
0 -10.60871601  -9.16641045  11.21504974
0  -7.72499323  -9.16641045  11.21504974
0  -4.84126997  -9.16641045  11.21504974
0  -1.95754731  -9.16641045  11.21504974
0   0.92617559  -9.16641045  11.21504974
0   3.80989838  -9.16641045  11.21504974
0   6.69362116  -9.16641045  11.21504974
0   9.57734394  -9.16641045  11.21504974
0 -10.60871601  -6.28268814  11.21504974
0   9.57734394  -6.28268814  11.21504974
0 -10.60871601  -3.39896512  11.21504974
0   9.57734394  -3.39896512  11.21504974
0 -10.60871601  -0.51524228  11.21504974
0   9.57734394  -0.51524228  11.21504974
0 -10.60871601   2.36848068  11.21504974
0   9.57734394   2.36848068  11.21504974
0 -10.60871601   5.25220346  11.21504974
0   9.57734394   5.25220346  11.21504974
0 -10.60871601   8.13592625  11.21504974
0   9.57734394   8.13592625  11.21504974
0 -10.60871601  11.01964951  11.21504974
0  -7.72499323  11.01964951  11.21504974
0  -4.84126997  11.01964951  11.21504974
0  -1.95754731  11.01964951  11.21504974
0   0.92617559  11.01964951  11.21504974
0   3.80989838  11.01964951  11.21504974
0   6.69362116  11.01964951  11.21504974
0   9.57734394  11.01964951  11.21504974
0  -9.16685486  -7.72454929  13.25415039
0  -6.28313160  -7.72454929  13.25415039
0  -3.39940882  -7.72454929  13.25415039
0  -0.51568586  -7.72454929  13.25415039
0   2.36803699  -7.72454929  13.25415039
0   5.25176001  -7.72454929  13.25415039
0   8.13548279  -7.72454929  13.25415039
0  -9.16685486  -4.84082651  13.25415039
0   8.13548279  -4.84082651  13.25415039
0  -9.16685486  -1.95710373  13.25415039
0   8.13548279  -1.95710373  13.25415039
0  -9.16685486   0.92661917  13.25415039
0   8.13548279   0.92661917  13.25415039
0  -9.16685486   3.81034207  13.25415039
0   8.13548279   3.81034207  13.25415039
0  -9.16685486   6.69406509  13.25415039
0   8.13548279   6.69406509  13.25415039
0  -9.16685486   9.57778740  13.25415039
0  -6.28313160   9.57778740  13.25415039
0  -3.39940882   9.57778740  13.25415039
0  -0.51568586   9.57778740  13.25415039
0   2.36803699   9.57778740  13.25415039
0   5.25176001   9.57778740  13.25415039
0   8.13548279   9.57778740  13.25415039
0  -7.72499323  -6.28268814  15.29325008
0  -4.84126997  -6.28268814  15.29325008
0  -1.95754731  -6.28268814  15.29325008
0   0.92617559  -6.28268814  15.29325008
0   3.80989838  -6.28268814  15.29325008
0   6.69362116  -6.28268814  15.29325008
0  -7.72499323  -3.39896512  15.29325008
0   6.69362116  -3.39896512  15.29325008
0  -7.72499323  -0.51524228  15.29325008
0   6.69362116  -0.51524228  15.29325008
0  -7.72499323   2.36848068  15.29325008
0   6.69362116   2.36848068  15.29325008
0  -7.72499323   5.25220346  15.29325008
0   6.69362116   5.25220346  15.29325008
0  -7.72499323   8.13592625  15.29325008
0  -4.84126997   8.13592625  15.29325008
0  -1.95754731   8.13592625  15.29325008
0   0.92617559   8.13592625  15.29325008
0   3.80989838   8.13592625  15.29325008
0   6.69362116   8.13592625  15.29325008
0  -6.28313160  -4.84082651  17.33234978
0  -3.39940882  -4.84082651  17.33234978
0  -0.51568586  -4.84082651  17.33234978
0   2.36803699  -4.84082651  17.33234978
0   5.25176001  -4.84082651  17.33234978
0  -6.28313160  -1.95710373  17.33234978
0  -3.39940882  -1.95710373  17.33234978
0  -0.51568586  -1.95710373  17.33234978
0   2.36803699  -1.95710373  17.33234978
0   5.25176001  -1.95710373  17.33234978
0  -6.28313160   0.92661917  17.33234978
0  -3.39940882   0.92661917  17.33234978
0  -0.51568586   0.92661917  17.33234978
0   2.36803699   0.92661917  17.33234978
0   5.25176001   0.92661917  17.33234978
0  -6.28313160   3.81034207  17.33234978
0  -3.39940882   3.81034207  17.33234978
0  -0.51568586   3.81034207  17.33234978
0   2.36803699   3.81034207  17.33234978
0   5.25176001   3.81034207  17.33234978
0  -6.28313160   6.69406509  17.33234978
0  -3.39940882   6.69406509  17.33234978
0  -0.51568586   6.69406509  17.33234978
0   2.36803699   6.69406509  17.33234978
0   5.25176001   6.69406509  17.33234978
1  14.26465034  13.18429279  -8.38706779
1  15.37090111  11.18276691  -5.03300762
1  18.27350807   8.83483028  -4.47610521
1  12.45729828  13.99680614  -5.08099842
1  18.33778381   8.22918224  -0.80679584
1  12.49118805  13.92259502  -1.04827881
1   9.66220665  16.92366409  -0.92761928
1  15.46898651  11.11872005  -0.91480029
1   7.45911312  19.86525536   2.19771504
1   9.65120411  16.75967216   3.08435273
1  15.38299561  11.11072922   3.18366504
1  12.56645870  14.01836395   3.08400941
1  12.53323269  14.02909184   7.15757275
1 -13.49457073 -15.05428505  -5.05642653
1 -13.50955868 -15.00190258  -0.93977493
1 -16.63596916 -12.16921806  -1.34747541
1 -10.52501583 -17.99944496  -1.03246963
1 -19.53789139  -9.96630764   0.40703335
1 -13.54144669 -15.05181503   3.00208712
1 -16.54118729 -12.23699570   2.81947827
1 -15.43621349 -14.26699543   6.42133331
1 -13.58623886  13.99651909  -5.23676491
1 -10.71513939  16.86477661  -1.21915841
1 -13.58787632  14.09551907  -1.00331879
1  -8.44176579  20.30640602   0.77714628
1 -16.45304871  11.25126934  -1.04473650
1 -19.34910202   9.18730640   0.80831480
1 -10.75521278  16.91149330   3.01661372
1 -16.53870201  11.11638927   2.87992954
1 -13.69723320  13.95008278   3.23951125
1 -13.48725033  14.06884098   7.17521811
1  14.03895950 -14.40221596  -8.99998474
1  12.68270493 -15.00132561  -5.05800962
1  15.54092121 -12.02987099  -5.10878944
1  12.57184982 -15.04363155  -1.02399135
1  18.37609482  -9.18305969  -0.86383462
1   9.60181713 -17.98830223  -0.87322867
1  15.45940781 -12.11879539  -0.94338846
1  15.48268318 -12.17856121   3.17837429
1  12.40040112 -15.00728893   3.02756524
1  13.84681320 -14.30616951   6.52043676
1  -4.90151167   5.23128653  19.57665825
1   5.18183422   6.15848017  20.24965858
1   0.92797613   5.33157253  19.55924797
1  -5.75896358  -4.46631002  20.10763550
1   3.82690358   2.38800144  19.43681526
1  -4.86575127  -0.48060888  19.46631622
1   4.10102606  -3.13108253  19.72472954
1  -1.98816991   2.42040396  19.46363449
1  -2.10008287  -3.39542317  19.44491768
1   0.92216301  -0.57143587  19.35595512
1  -0.53882009  -2.05553079 -19.52278137
1  -0.45258811   3.77626419 -19.43349838
1  -3.32714224  -4.87942839 -19.51647758
1   2.29382634   1.02597070 -19.41655922
1  -3.46742201   0.96527112 -19.49404335
1   2.17052054  -4.85738325 -19.56494713
1   5.21363783  -2.01420832 -19.52153587
1  -4.10627556   5.12745619 -20.13403893
1   5.18456745   3.92724299 -19.51980972
1  -4.81713820  19.62016296   3.20910788
1  -1.48510432  20.87545776   1.97808564
1  -4.49098682  16.76260185   7.10605383
1   2.65910387  19.41336441   3.53778100
1  -0.76771104  15.66150951   9.01421261
1   6.18202162  18.07870674   5.63454437
1  -8.00928974  18.00538826   5.81204796
1  -0.99638635  18.10374069   5.43756342
1  -9.14273453  15.59846973   9.11428165
1   3.25187922  16.59051323   7.66701651
1  -0.47362798  13.24305058  12.32972527
1  -4.89482498  14.50799465  10.59486389
1   7.09543228  15.01214123   9.91375828
1  -9.07038498  13.38292980  12.17584133
1   6.77622080  12.19963646  13.82914448
1   3.48784566  13.91439438  11.22513294
1  10.29841900  13.79393959  11.79440975
1  -4.62756491  12.09823227  13.90803719
1   2.94102669  11.98025799  14.87744141
1  -8.02385998  11.13458252  15.33023739
1  -1.22635853  10.94353962  15.75666809
1   5.46800423   9.71811390  17.33236694
1  -5.30491781   9.48644352  17.89678764
1   1.47861385   9.24323559  18.03517342
1 -19.40219879   5.21281576   3.27532554
1 -18.78426933   1.02322638   3.66854119
1 -19.19481659  -6.28364611   3.31875730
1 -17.70363426   7.82563972   5.49809456
1 -17.92276764  -9.63768864   5.46651697
1 -15.47223377 -10.63450909   8.74135113
1 -17.97672272  -2.31311846   5.22453451
1 -14.48479557  10.87428761   9.92148018
1 -16.74247169  -6.16205215   6.90480900
1 -16.67004585   2.50444984   6.91402102
1 -15.63404465   6.65583801   8.62043190
1 -15.60129261  -1.87859070   8.59391594
1 -12.18595314  11.08724403  13.72383499
1 -14.45504284  -6.38331223   9.95769787
1 -14.41221142   2.53923225  10.09847832
1 -13.36038876  -9.94331074  11.91712570
1 -13.33043957   7.46214962  11.55262661
1 -10.71122837   8.08988285  15.39470387
1 -11.87731361  -6.48511457  13.82062435
1  -9.21534443  -5.48712397  17.84673882
1 -13.37246227  -2.90338874  11.60606003
1 -12.22496700   0.81289423  13.05435848
1  -8.89235210   5.54880810  17.96821976
1 -10.79679871  -3.07044983  15.23268414
1 -11.89106274   4.56164169  13.63495541
1  -8.69243336  -1.70130062  18.76995850
1  -9.96279335   1.05040228  16.29290962
1  19.63030243  -4.79398394   1.25290012
1  19.82876205   3.75304008   1.02623487
1  18.23571777  -8.56615067   3.32984781
1  19.21546555  -0.67037439   1.69803321
1  17.84321213   6.91330719   3.84652019
1  17.81920433   2.79492235   4.45977497
1  16.03247070 -10.02085018   6.91422939
1  17.01602173  -1.98459268   5.06114864
1  16.36668015  -6.20443630   5.98635674
1  15.86223316   9.05888176   7.07423162
1  15.47026348   5.00917435   7.10280848
1  14.75873566  -3.37206364   8.79532051
1  13.67893124 -11.67446613   9.74690056
1  14.82737350   1.17275798   7.82160997
1  14.02954483  -7.61285877   9.18989277
1  13.59536362  11.33635235   9.82495308
1  12.49372673  -0.60896593  11.33092403
1  12.03783226  -4.74691010  11.84755898
1  13.72933769   7.37105322   9.76644516
1  11.48494911   9.66441917  12.78810596
1  12.07609940  -8.73385143  12.29583454
1  10.01721764  -6.52449894  15.03468132
1  12.87659168   3.59259653  11.29755688
1  10.33500957   1.98968828  14.57003498
1  10.26636410  -2.65526843  14.94930077
1  10.73123837   5.88303566  13.77996540
1   8.19725990   6.61917448  17.33412170
1   7.99159908  -4.43457651  17.64509392
1   8.03831768   2.80952907  17.97541237
1   7.61893749  -0.78673267  18.31900787
1   1.87261999 -17.70605850   3.56018209
1   5.71137905 -19.18697357   1.30194616
1  -0.95780027 -19.18522835   1.32431066
1  -6.12111855 -19.24097824   1.29004586
1   8.85451698 -17.74110031   3.52030134
1   9.44239426 -15.05286503   7.05739021
1   0.98629183 -15.31540298   6.66682196
1  -9.68102169 -18.08649445   3.15889931
1  -3.15693021 -14.62860584   7.60447121
1  -3.34807348 -17.31778908   3.83709693
1 -10.49044037 -15.74932480   6.58994007
1   5.42593384 -16.47024536   5.18308258
1 -12.06223583 -13.52536392   9.38984871
1  -6.65108109 -16.27131271   5.38163805
1   5.21679831 -14.28515434   8.26228237
1   9.49086761 -12.91978645  10.28745270
1  -9.34682751 -11.65884972  11.91314983
1   0.91259348 -13.10489368   9.89319420
1  -2.36275721 -12.08186436  11.31489277
1  -6.26914978 -13.48185825   9.41876698
1   1.95478296 -10.62895966  13.74032211
1   8.87283707 -10.70169258  13.52429962
1  -9.43477726  -9.31419086  15.76432514
1   5.44191074 -11.69784164  11.73800659
1   5.70515013  -8.90276051  15.85058403
1  -5.84520483 -10.70986366  13.41715622
1   2.21632361  -7.99917507  17.25784302
1  -6.15465641  -7.95063925  17.30698395
1  -1.87079000  -9.40714931  15.10537529
1  -2.15128469  -7.14718819  18.23187065
1   5.63238192  -7.06955957  19.61615181
1   2.70351124   7.40163994 -18.77640152
1  -1.33880496   7.86631060 -18.28021240
1   1.16273797   9.37258911 -15.90410709
1  -5.74651623   8.01759911 -17.82708168
1   6.54824018   8.27529907 -17.40938568
1  -3.29326010   9.73052120 -15.33066750
1   4.60137796  10.84537411 -13.75555706
1  -6.74874592  10.86765099 -13.69851112
1   2.03199911  12.74557686 -11.23325443
1   8.59050846  10.68557739 -14.02168751
1 -10.03479004  12.28299332 -11.81589413
1  11.21285343  12.62485027 -11.25317097
1  -1.92941391  11.80742455 -12.17715359
1  -6.05812168  13.25290871 -10.42266846
1   5.74060822  13.67232132  -9.73066711
1   1.94052911  15.26847458  -7.63519859
1   9.48972988  14.80993938  -7.99604225
1  -1.89163268  14.26600266  -9.01545715
1 -10.59676075  14.51584721  -8.63699913
1  -3.00746107  16.57198143  -5.63209677
1   5.01902676  16.44572067  -5.72124147
1 -10.30035591  16.88177490  -5.20699215
1   1.07041073  17.47783852  -4.48479033
1  -6.29012299  15.37432766  -7.29386854
1  -6.79710340  18.07484055  -3.54094410
1   5.20142221  19.24616241  -1.72848904
1  -3.22028708  19.32179260  -1.64465892
1   0.77066112  19.73622131  -1.11268926
1  -8.90213394  -3.44498420 -15.82060051
1  -7.84652615  -0.04558809 -17.39297867
1  -7.32739782   3.96271753 -18.04817200
1  -7.59336758  -6.60829353 -17.93188286
1 -10.68240643  -0.29208323 -13.26659298
1  -9.77358913   3.80658364 -14.72084808
1 -11.72346115  -3.85585618 -11.83347321
1 -10.00874138  -7.73759747 -14.54638481
1  -9.03832150   7.70123243 -15.80737400
1 -12.03546810   3.82765365 -11.33460045
1 -13.35744476  -0.31018934  -9.81609917
1 -11.58283424   7.96743822 -12.03227520
1 -14.04558182   7.15641785  -9.03756523
1 -12.38576317  -7.71630144 -11.08643055
1 -13.53218365  11.03570175  -9.41643143
1 -14.46898079  -3.63609958  -7.89991093
1 -14.68058395   2.68349338  -7.76553011
1 -13.87436867 -11.86560917  -8.93435001
1 -16.33115005   5.85651779  -5.48213577
1 -15.11474705  -7.82850361  -7.04503727
1 -15.77026463   9.72469425  -6.23424196
1 -17.12620926  -4.69653082  -4.83296824
1 -16.33114433 -11.89519596  -5.40828943
1 -16.37035942  -0.69300312  -5.16986847
1 -18.19386673   8.62715149  -3.17485952
1 -17.58665466  -8.73130608  -3.55586243
1 -17.40036392   2.40245247  -3.69193840
1 -19.22177124   5.24738503  -1.01094544
1 -20.40425301   1.32914996  -0.11681408
1 -19.43375397  -6.16683435  -1.06553090
1 -18.72745705  -1.95342994  -2.02554488
1   9.14315224  -1.95360434 -18.15501785
1   9.57770348   2.07599211 -17.63398361
1  10.47884369  -6.15988827 -15.95403099
1  10.66388702   5.35957193 -15.89386940
1  11.48179817  -2.10993743 -14.83634758
1  12.13584709   9.04793835 -14.26925468
1  12.30777359   1.56507599 -13.71761417
1  12.79964447  -6.21111107 -12.93744278
1  12.08172989 -10.16051102 -14.58395290
1  15.38076878  -5.98026133  -9.56367970
1  13.06101418   5.21482611 -12.66097641
1  14.00408363  -1.99839938 -11.28911495
1  13.92874241 -10.59725666 -11.29347515
1  14.35424709   9.44865608 -10.88134480
1  15.14638710   1.28479016  -9.70473385
1  15.43222332   5.09826899  -9.10549259
1  18.14930534  -5.66207027  -5.50389671
1  16.38453674   8.55570698  -7.78092289
1  16.75343895  -2.31176519  -7.58656406
1  16.55376625  -9.37222767  -7.91182470
1  18.19301796   4.94106960  -5.48476934
1  19.58353424  -2.26601243  -3.23024797
1  17.84535217   0.84955096  -5.76292324
1  20.80808449   5.55426836  -2.55603075
1  20.81980515  -6.08918047  -2.51508617
1  20.35673332   1.52400851  -2.58071756
1  -0.34786901  -8.55280876 -18.41948891
1  -4.23320913  -9.19359112 -17.64568710
1  -0.47776935 -10.94195271 -14.89824963
1  -7.49317408 -10.56717300 -15.72079849
1   3.91488457  -9.99213314 -16.43350983
1  -4.16157961 -11.83148384 -13.76365185
1   8.19609928 -11.39908504 -14.49827003
1   3.60458255 -12.15704632 -13.32273579
1  -7.67303133 -13.19314957 -11.83372879
1  -4.18204165 -14.85396957  -9.59246635
1  -0.45490521 -13.52866554 -11.30447674
1  -7.54838800 -16.06501007  -7.63118553
1  10.84379768 -13.46435165 -11.56095695
1 -11.11668491 -15.11496544  -9.26010704
1   6.95400095 -13.80138874 -11.42200565
1  -0.54114634 -16.35214043  -7.16943502
1   3.15142846 -14.67673779  -9.67301655
1  -3.92038512 -17.67446136  -5.54866791
1   9.74548149 -15.78586102  -8.58407021
1   3.01280236 -17.66359520  -5.48685122
1  -7.26634693 -18.99308777  -3.56691217
1   6.13964128 -16.26883888  -7.61718178
1  -3.56558442 -20.20379639  -2.15489936
1   5.83583736 -19.31934738  -3.32316136
1  -0.08107481 -19.24112320  -3.58242273
