# typeid, x, y, z
0  -7.45081186  -6.49217749 -16.99063492
0  -4.56708860  -6.49217749 -16.99063492
0  -1.68336594  -6.49217749 -16.99063492
0   1.20035696  -6.49217749 -16.99063492
0   4.08407974  -6.49217749 -16.99063492
0   6.96780252  -6.49217749 -16.99063492
0  -7.45081186  -3.60845470 -16.99063492
0  -4.56708860  -3.60845470 -16.99063492
0  -1.68336594  -3.60845470 -16.99063492
0   1.20035696  -3.60845470 -16.99063492
0   4.08407974  -3.60845470 -16.99063492
0   6.96780252  -3.60845470 -16.99063492
0  -7.45081186  -0.72473186 -16.99063492
0  -4.56708860  -0.72473186 -16.99063492
0  -1.68336594  -0.72473186 -16.99063492
0   1.20035696  -0.72473186 -16.99063492
0   4.08407974  -0.72473186 -16.99063492
0   6.96780252  -0.72473186 -16.99063492
0  -7.45081186   2.15899110 -16.99063492
0  -4.56708860   2.15899110 -16.99063492
0  -1.68336594   2.15899110 -16.99063492
0   1.20035696   2.15899110 -16.99063492
0   4.08407974   2.15899110 -16.99063492
0   6.96780252   2.15899110 -16.99063492
0  -7.45081186   5.04271364 -16.99063492
0  -4.56708860   5.04271364 -16.99063492
0  -1.68336594   5.04271364 -16.99063492
0   1.20035696   5.04271364 -16.99063492
0   4.08407974   5.04271364 -16.99063492
0   6.96780252   5.04271364 -16.99063492
0  -8.89267349  -7.93403912 -14.95153522
0  -6.00895023  -7.93403912 -14.95153522
0  -3.12522745  -7.93403912 -14.95153522
0  -0.24150449  -7.93403912 -14.95153522
0   2.64221835  -7.93403912 -14.95153522
0   5.52594137  -7.93403912 -14.95153522
0   8.40966415  -7.93403912 -14.95153522
0  -8.89267349  -5.05031633 -14.95153522
0   8.40966415  -5.05031633 -14.95153522
0  -8.89267349  -2.16659331 -14.95153522
0   8.40966415  -2.16659331 -14.95153522
0  -8.89267349   0.71712953 -14.95153522
0   8.40966415   0.71712953 -14.95153522
0  -8.89267349   3.60085249 -14.95153522
0   8.40966415   3.60085249 -14.95153522
0  -8.89267349   6.48457527 -14.95153522
0  -6.00895023   6.48457527 -14.95153522
0  -3.12522745   6.48457527 -14.95153522
0  -0.24150449   6.48457527 -14.95153522
0   2.64221835   6.48457527 -14.95153522
0   5.52594137   6.48457527 -14.95153522
0   8.40966415   6.48457527 -14.95153522
0 -10.33453465  -9.37590027 -12.91243458
0  -7.45081186  -9.37590027 -12.91243458
0  -4.56708860  -9.37590027 -12.91243458
0  -1.68336594  -9.37590027 -12.91243458
0   1.20035696  -9.37590027 -12.91243458
0   4.08407974  -9.37590027 -12.91243458
0   6.96780252  -9.37590027 -12.91243458
0   9.85152531  -9.37590027 -12.91243458
0 -10.33453465  -6.49217749 -12.91243458
0   9.85152531  -6.49217749 -12.91243458
0 -10.33453465  -3.60845470 -12.91243458
0   9.85152531  -3.60845470 -12.91243458
0 -10.33453465  -0.72473186 -12.91243458
0   9.85152531  -0.72473186 -12.91243458
0 -10.33453465   2.15899110 -12.91243458
0   9.85152531   2.15899110 -12.91243458
0 -10.33453465   5.04271364 -12.91243458
0   9.85152531   5.04271364 -12.91243458
0 -10.33453465   7.92643690 -12.91243458
0  -7.45081186   7.92643690 -12.91243458
0  -4.56708860   7.92643690 -12.91243458
0  -1.68336594   7.92643690 -12.91243458
0   1.20035696   7.92643690 -12.91243458
0   4.08407974   7.92643690 -12.91243458
0   6.96780252   7.92643690 -12.91243458
0   9.85152531   7.92643690 -12.91243458
0 -11.77639580 -10.81776237 -10.87333488
0  -8.89267349 -10.81776237 -10.87333488
0  -6.00895023 -10.81776237 -10.87333488
0  -3.12522745 -10.81776237 -10.87333488
0  -0.24150449 -10.81776237 -10.87333488
0   2.64221835 -10.81776237 -10.87333488
0   5.52594137 -10.81776237 -10.87333488
0   8.40966415 -10.81776237 -10.87333488
0  11.29338741 -10.81776237 -10.87333488
0 -11.77639580  -7.93403912 -10.87333488
0  11.29338741  -7.93403912 -10.87333488
0 -11.77639580  -5.05031633 -10.87333488
0  11.29338741  -5.05031633 -10.87333488
0 -11.77639580  -2.16659331 -10.87333488
0  11.29338741  -2.16659331 -10.87333488
0 -11.77639580   0.71712953 -10.87333488
0  11.29338741   0.71712953 -10.87333488
0 -11.77639580   3.60085249 -10.87333488
0  11.29338741   3.60085249 -10.87333488
0 -11.77639580   6.48457527 -10.87333488
0  11.29338741   6.48457527 -10.87333488
0 -11.77639580   9.36829853 -10.87333488
0  -8.89267349   9.36829853 -10.87333488
0  -6.00895023   9.36829853 -10.87333488
0  -3.12522745   9.36829853 -10.87333488
0  -0.24150449   9.36829853 -10.87333488
0   2.64221835   9.36829853 -10.87333488
0   5.52594137   9.36829853 -10.87333488
0   8.40966415   9.36829853 -10.87333488
0  11.29338741   9.36829853 -10.87333488
0 -10.33453465 -12.25962353  -8.83423519
0  -7.45081186 -12.25962353  -8.83423519
0  -4.56708860 -12.25962353  -8.83423519
0  -1.68336594 -12.25962353  -8.83423519
0   1.20035696 -12.25962353  -8.83423519
0   4.08407974 -12.25962353  -8.83423519
0   6.96780252 -12.25962353  -8.83423519
0   9.85152531 -12.25962353  -8.83423519
0  12.73524857 -12.25962353  -8.83423519
0 -13.21825790  -9.37590027  -8.83423519
0  12.73524857  -9.37590027  -8.83423519
0 -13.21825790  -6.49217749  -8.83423519
0  12.73524857  -6.49217749  -8.83423519
0 -13.21825790  -3.60845470  -8.83423519
0  12.73524857  -3.60845470  -8.83423519
0 -13.21825790  -0.72473186  -8.83423519
0  12.73524857  -0.72473186  -8.83423519
0 -13.21825790   2.15899110  -8.83423519
0  12.73524857   2.15899110  -8.83423519
0 -13.21825790   5.04271364  -8.83423519
0  12.73524857   5.04271364  -8.83423519
0 -13.21825790   7.92643690  -8.83423519
0  12.73524857   7.92643690  -8.83423519
0 -13.21825790  10.81015968  -8.83423519
0 -10.33453465  10.81015968  -8.83423519
0  -7.45081186  10.81015968  -8.83423519
0  -4.56708860  10.81015968  -8.83423519
0  -1.68336594  10.81015968  -8.83423519
0   1.20035696  10.81015968  -8.83423519
0   4.08407974  10.81015968  -8.83423519
0   6.96780252  10.81015968  -8.83423519
0   9.85152531  10.81015968  -8.83423519
0  12.73524857  10.81015968  -8.83423519
0  -8.89267349 -13.70148468  -6.79513502
0  -6.00895023 -13.70148468  -6.79513502
0  -3.12522745 -13.70148468  -6.79513502
0  -0.24150449 -13.70148468  -6.79513502
0   2.64221835 -13.70148468  -6.79513502
0   5.52594137 -13.70148468  -6.79513502
0   8.40966415 -13.70148468  -6.79513502
0  11.29338741 -13.70148468  -6.79513502
0 -11.77639580 -10.81776237  -6.79513502
0  14.17710972 -10.81776237  -6.79513502
0 -14.66011906  -7.93403912  -6.79513502
0  14.17710972  -7.93403912  -6.79513502
0 -14.66011906  -5.05031633  -6.79513502
0  14.17710972  -5.05031633  -6.79513502
0 -14.66011906  -2.16659331  -6.79513502
0  14.17710972  -2.16659331  -6.79513502
0 -14.66011906   0.71712953  -6.79513502
0  14.17710972   0.71712953  -6.79513502
0 -14.66011906   3.60085249  -6.79513502
0  14.17710972   3.60085249  -6.79513502
0 -14.66011906   6.48457527  -6.79513502
0  14.17710972   6.48457527  -6.79513502
0 -14.66011906   9.36829853  -6.79513502
0  14.17710972   9.36829853  -6.79513502
0 -11.77639580  12.25202084  -6.79513502
0  -8.89267349  12.25202084  -6.79513502
0  -6.00895023  12.25202084  -6.79513502
0  -3.12522745  12.25202084  -6.79513502
0  -0.24150449  12.25202084  -6.79513502
0   2.64221835  12.25202084  -6.79513502
0   5.52594137  12.25202084  -6.79513502
0   8.40966415  12.25202084  -6.79513502
0  11.29338741  12.25202084  -6.79513502
0  -7.45081186 -15.14334583  -4.75603485
0  -4.56708860 -15.14334583  -4.75603485
0  -1.68336594 -15.14334583  -4.75603485
0   1.20035696 -15.14334583  -4.75603485
0   4.08407974 -15.14334583  -4.75603485
0   6.96780252 -15.14334583  -4.75603485
0   9.85152531 -15.14334583  -4.75603485
0 -10.33453465 -12.25962353  -4.75603485
0  12.73524857 -12.25962353  -4.75603485
0 -13.21825790  -9.37590027  -4.75603485
0  15.61897087  -9.37590027  -4.75603485
0 -16.10198021  -6.49217749  -4.75603485
0  15.61897087  -6.49217749  -4.75603485
0 -16.10198021  -3.60845470  -4.75603485
0  15.61897087  -3.60845470  -4.75603485
0 -16.10198021  -0.72473186  -4.75603485
0  15.61897087  -0.72473186  -4.75603485
0 -16.10198021   2.15899110  -4.75603485
0  15.61897087   2.15899110  -4.75603485
0 -16.10198021   5.04271364  -4.75603485
0  15.61897087   5.04271364  -4.75603485
0 -16.10198021   7.92643690  -4.75603485
0  15.61897087   7.92643690  -4.75603485
0 -13.21825790  10.81015968  -4.75603485
0  12.73524857  10.81015968  -4.75603485
0 -10.33453465  13.69388294  -4.75603485
0  -7.45081186  13.69388294  -4.75603485
0  -4.56708860  13.69388294  -4.75603485
0  -1.68336594  13.69388294  -4.75603485
0   1.20035696  13.69388294  -4.75603485
0   4.08407974  13.69388294  -4.75603485
0   6.96780252  13.69388294  -4.75603485
0   9.85152531  13.69388294  -4.75603485
0  -6.00895023 -16.58520699  -2.71693468
0  -3.12522745 -16.58520699  -2.71693468
0  -0.24150449 -16.58520699  -2.71693468
0   2.64221835 -16.58520699  -2.71693468
0   5.52594137 -16.58520699  -2.71693468
0   8.40966415 -16.58520699  -2.71693468
0  -8.89267349 -13.70148468  -2.71693468
0  11.29338741 -13.70148468  -2.71693468
0 -11.77639580 -10.81776237  -2.71693468
0  14.17710972 -10.81776237  -2.71693468
0 -14.66011906  -7.93403912  -2.71693468
0  17.06083298  -7.93403912  -2.71693468
0 -17.54384232  -5.05031633  -2.71693468
0  17.06083298  -5.05031633  -2.71693468
0 -17.54384232  -2.16659331  -2.71693468
0  17.06083298  -2.16659331  -2.71693468
0 -17.54384232   0.71712953  -2.71693468
0  17.06083298   0.71712953  -2.71693468
0 -17.54384232   3.60085249  -2.71693468
0  17.06083298   3.60085249  -2.71693468
0 -17.54384232   6.48457527  -2.71693468
0  17.06083298   6.48457527  -2.71693468
0 -14.66011906   9.36829853  -2.71693468
0  14.17710972   9.36829853  -2.71693468
0 -11.77639580  12.25202084  -2.71693468
0  11.29338741  12.25202084  -2.71693468
0  -8.89267349  15.13574409  -2.71693468
0  -6.00895023  15.13574409  -2.71693468
0  -3.12522745  15.13574409  -2.71693468
0  -0.24150449  15.13574409  -2.71693468
0   2.64221835  15.13574409  -2.71693468
0   5.52594137  15.13574409  -2.71693468
0   8.40966415  15.13574409  -2.71693468
0  -4.56708860 -18.02706909  -0.67783481
0  -1.68336594 -18.02706909  -0.67783481
0   1.20035696 -18.02706909  -0.67783481
0   4.08407974 -18.02706909  -0.67783481
0   6.96780252 -18.02706909  -0.67783481
0  -7.45081186 -15.14334583  -0.67783481
0   9.85152531 -15.14334583  -0.67783481
0 -10.33453465 -12.25962353  -0.67783481
0  12.73524857 -12.25962353  -0.67783481
0 -13.21825790  -9.37590027  -0.67783481
0  15.61897087  -9.37590027  -0.67783481
0 -16.10198021  -6.49217749  -0.67783481
0  18.50269508  -6.49217749  -0.67783481
0 -18.98570251  -3.60845470  -0.67783481
0  18.50269508  -3.60845470  -0.67783481
0 -18.98570251  -0.72473186  -0.67783481
0  18.50269508  -0.72473186  -0.67783481
0 -18.98570251   2.15899110  -0.67783481
0  18.50269508   2.15899110  -0.67783481
0 -18.98570251   5.04271364  -0.67783481
0  18.50269508   5.04271364  -0.67783481
0 -16.10198021   7.92643690  -0.67783481
0  15.61897087   7.92643690  -0.67783481
0 -13.21825790  10.81015968  -0.67783481
0  12.73524857  10.81015968  -0.67783481
0 -10.33453465  13.69388294  -0.67783481
0   9.85152531  13.69388294  -0.67783481
0  -7.45081186  16.57760620  -0.67783481
0  -4.56708860  16.57760620  -0.67783481
0  -1.68336594  16.57760620  -0.67783481
0   1.20035696  16.57760620  -0.67783481
0   4.08407974  16.57760620  -0.67783481
0   6.96780252  16.57760620  -0.67783481
0  -6.00895023 -16.58520699   1.36126518
0  -3.12522745 -16.58520699   1.36126518
0  -0.24150449 -16.58520699   1.36126518
0   2.64221835 -16.58520699   1.36126518
0   5.52594137 -16.58520699   1.36126518
0   8.40966415 -16.58520699   1.36126518
0  -8.89267349 -13.70148468   1.36126518
0  11.29338741 -13.70148468   1.36126518
0 -11.77639580 -10.81776237   1.36126518
0  14.17710972 -10.81776237   1.36126518
0 -14.66011906  -7.93403912   1.36126518
0  17.06083298  -7.93403912   1.36126518
0 -17.54384232  -5.05031633   1.36126518
0  17.06083298  -5.05031633   1.36126518
0 -17.54384232  -2.16659331   1.36126518
0  17.06083298  -2.16659331   1.36126518
0 -17.54384232   0.71712953   1.36126518
0  17.06083298   0.71712953   1.36126518
0 -17.54384232   3.60085249   1.36126518
0  17.06083298   3.60085249   1.36126518
0 -17.54384232   6.48457527   1.36126518
0  17.06083298   6.48457527   1.36126518
0 -14.66011906   9.36829853   1.36126518
0  14.17710972   9.36829853   1.36126518
0 -11.77639580  12.25202084   1.36126518
0  11.29338741  12.25202084   1.36126518
0  -8.89267349  15.13574409   1.36126518
0   8.40966415  15.13574409   1.36126518
0  -6.00895023  18.01946640   1.36126518
0  -3.12522745  18.01946640   1.36126518
0  -0.24150449  18.01946640   1.36126518
0   2.64221835  18.01946640   1.36126518
0   5.52594137  18.01946640   1.36126518
0  -7.45081186 -15.14334583   3.40036511
0  -4.56708860 -15.14334583   3.40036511
0  -1.68336594 -15.14334583   3.40036511
0   1.20035696 -15.14334583   3.40036511
0   4.08407974 -15.14334583   3.40036511
0   6.96780252 -15.14334583   3.40036511
0   9.85152531 -15.14334583   3.40036511
0 -10.33453465 -12.25962353   3.40036511
0  12.73524857 -12.25962353   3.40036511
0 -13.21825790  -9.37590027   3.40036511
0  15.61897087  -9.37590027   3.40036511
0 -16.10198021  -6.49217749   3.40036511
0  15.61897087  -6.49217749   3.40036511
0 -16.10198021  -3.60845470   3.40036511
0  15.61897087  -3.60845470   3.40036511
0 -16.10198021  -0.72473186   3.40036511
0  15.61897087  -0.72473186   3.40036511
0 -16.10198021   2.15899110   3.40036511
0  15.61897087   2.15899110   3.40036511
0 -16.10198021   5.04271364   3.40036511
0  15.61897087   5.04271364   3.40036511
0 -16.10198021   7.92643690   3.40036511
0  15.61897087   7.92643690   3.40036511
0 -13.21825790  10.81015968   3.40036511
0  12.73524857  10.81015968   3.40036511
0 -10.33453465  13.69388294   3.40036511
0   9.85152531  13.69388294   3.40036511
0  -7.45081186  16.57760620   3.40036511
0  -4.56708860  16.57760620   3.40036511
0  -1.68336594  16.57760620   3.40036511
0   1.20035696  16.57760620   3.40036511
0   4.08407974  16.57760620   3.40036511
0   6.96780252  16.57760620   3.40036511
0  -8.89267349 -13.70148468   5.43946505
0  -6.00895023 -13.70148468   5.43946505
0  -3.12522745 -13.70148468   5.43946505
0  -0.24150449 -13.70148468   5.43946505
0   2.64221835 -13.70148468   5.43946505
0   5.52594137 -13.70148468   5.43946505
0   8.40966415 -13.70148468   5.43946505
0  11.29338741 -13.70148468   5.43946505
0 -11.77639580 -10.81776237   5.43946505
0  14.17710972 -10.81776237   5.43946505
0 -14.66011906  -7.93403912   5.43946505
0  14.17710972  -7.93403912   5.43946505
0 -14.66011906  -5.05031633   5.43946505
0  14.17710972  -5.05031633   5.43946505
0 -14.66011906  -2.16659331   5.43946505
0  14.17710972  -2.16659331   5.43946505
0 -14.66011906   0.71712953   5.43946505
0  14.17710972   0.71712953   5.43946505
0 -14.66011906   3.60085249   5.43946505
0  14.17710972   3.60085249   5.43946505
0 -14.66011906   6.48457527   5.43946505
0  14.17710972   6.48457527   5.43946505
0 -14.66011906   9.36829853   5.43946505
0  14.17710972   9.36829853   5.43946505
0 -11.77639580  12.25202084   5.43946505
0  11.29338741  12.25202084   5.43946505
0  -8.89267349  15.13574409   5.43946505
0  -6.00895023  15.13574409   5.43946505
0  -3.12522745  15.13574409   5.43946505
0  -0.24150449  15.13574409   5.43946505
0   2.64221835  15.13574409   5.43946505
0   5.52594137  15.13574409   5.43946505
0   8.40966415  15.13574409   5.43946505
0 -10.33453465 -12.25962353   7.47856522
0  -7.45081186 -12.25962353   7.47856522
0  -4.56708860 -12.25962353   7.47856522
0  -1.68336594 -12.25962353   7.47856522
0   1.20035696 -12.25962353   7.47856522
0   4.08407974 -12.25962353   7.47856522
0   6.96780252 -12.25962353   7.47856522
0   9.85152531 -12.25962353   7.47856522
0  12.73524857 -12.25962353   7.47856522
0 -13.21825790  -9.37590027   7.47856522
0  12.73524857  -9.37590027   7.47856522
0 -13.21825790  -6.49217749   7.47856522
0  12.73524857  -6.49217749   7.47856522
0 -13.21825790  -3.60845470   7.47856522
0  12.73524857  -3.60845470   7.47856522
0 -13.21825790  -0.72473186   7.47856522
0  12.73524857  -0.72473186   7.47856522
0 -13.21825790   2.15899110   7.47856522
0  12.73524857   2.15899110   7.47856522
0 -13.21825790   5.04271364   7.47856522
0  12.73524857   5.04271364   7.47856522
0 -13.21825790   7.92643690   7.47856522
0  12.73524857   7.92643690   7.47856522
0 -13.21825790  10.81015968   7.47856522
0  12.73524857  10.81015968   7.47856522
0 -10.33453465  13.69388294   7.47856522
0  -7.45081186  13.69388294   7.47856522
0  -4.56708860  13.69388294   7.47856522
0  -1.68336594  13.69388294   7.47856522
0   1.20035696  13.69388294   7.47856522
0   4.08407974  13.69388294   7.47856522
0   6.96780252  13.69388294   7.47856522
0   9.85152531  13.69388294   7.47856522
0 -11.77639580 -10.81776237   9.51766491
0  -8.89267349 -10.81776237   9.51766491
0  -6.00895023 -10.81776237   9.51766491
0  -3.12522745 -10.81776237   9.51766491
0  -0.24150449 -10.81776237   9.51766491
0   2.64221835 -10.81776237   9.51766491
0   5.52594137 -10.81776237   9.51766491
0   8.40966415 -10.81776237   9.51766491
0  11.29338741 -10.81776237   9.51766491
0 -11.77639580  -7.93403912   9.51766491
0  11.29338741  -7.93403912   9.51766491
0 -11.77639580  -5.05031633   9.51766491
0  11.29338741  -5.05031633   9.51766491
0 -11.77639580  -2.16659331   9.51766491
0  11.29338741  -2.16659331   9.51766491
0 -11.77639580   0.71712953   9.51766491
0  11.29338741   0.71712953   9.51766491
0 -11.77639580   3.60085249   9.51766491
0  11.29338741   3.60085249   9.51766491
0 -11.77639580   6.48457527   9.51766491
0  11.29338741   6.48457527   9.51766491
0 -11.77639580   9.36829853   9.51766491
0  11.29338741   9.36829853   9.51766491
0 -11.77639580  12.25202084   9.51766491
0  -8.89267349  12.25202084   9.51766491
0  -6.00895023  12.25202084   9.51766491
0  -3.12522745  12.25202084   9.51766491
0  -0.24150449  12.25202084   9.51766491
0   2.64221835  12.25202084   9.51766491
0   5.52594137  12.25202084   9.51766491
0   8.40966415  12.25202084   9.51766491
0  11.29338741  12.25202084   9.51766491
0 -10.33453465  -9.37590027  11.55676556
0  -7.45081186  -9.37590027  11.55676556
0  -4.56708860  -9.37590027  11.55676556
0  -1.68336594  -9.37590027  11.55676556
0   1.20035696  -9.37590027  11.55676556
0   4.08407974  -9.37590027  11.55676556
0   6.96780252  -9.37590027  11.55676556
0   9.85152531  -9.37590027  11.55676556
0 -10.33453465  -6.49217749  11.55676556
0   9.85152531  -6.49217749  11.55676556
0 -10.33453465  -3.60845470  11.55676556
0   9.85152531  -3.60845470  11.55676556
0 -10.33453465  -0.72473186  11.55676556
0   9.85152531  -0.72473186  11.55676556
0 -10.33453465   2.15899110  11.55676556
0   9.85152531   2.15899110  11.55676556
0 -10.33453465   5.04271364  11.55676556
0   9.85152531   5.04271364  11.55676556
0 -10.33453465   7.92643690  11.55676556
0   9.85152531   7.92643690  11.55676556
0 -10.33453465  10.81015968  11.55676556
0  -7.45081186  10.81015968  11.55676556
0  -4.56708860  10.81015968  11.55676556
0  -1.68336594  10.81015968  11.55676556
0   1.20035696  10.81015968  11.55676556
0   4.08407974  10.81015968  11.55676556
0   6.96780252  10.81015968  11.55676556
0   9.85152531  10.81015968  11.55676556
0  -8.89267349  -7.93403912  13.59586525
0  -6.00895023  -7.93403912  13.59586525
0  -3.12522745  -7.93403912  13.59586525
0  -0.24150449  -7.93403912  13.59586525
0   2.64221835  -7.93403912  13.59586525
0   5.52594137  -7.93403912  13.59586525
0   8.40966415  -7.93403912  13.59586525
0  -8.89267349  -5.05031633  13.59586525
0   8.40966415  -5.05031633  13.59586525
0  -8.89267349  -2.16659331  13.59586525
0   8.40966415  -2.16659331  13.59586525
0  -8.89267349   0.71712953  13.59586525
0   8.40966415   0.71712953  13.59586525
0  -8.89267349   3.60085249  13.59586525
0   8.40966415   3.60085249  13.59586525
0  -8.89267349   6.48457527  13.59586525
0   8.40966415   6.48457527  13.59586525
0  -8.89267349   9.36829853  13.59586525
0  -6.00895023   9.36829853  13.59586525
0  -3.12522745   9.36829853  13.59586525
0  -0.24150449   9.36829853  13.59586525
0   2.64221835   9.36829853  13.59586525
0   5.52594137   9.36829853  13.59586525
0   8.40966415   9.36829853  13.59586525
0  -7.45081186  -6.49217749  15.63496494
0  -4.56708860  -6.49217749  15.63496494
0  -1.68336594  -6.49217749  15.63496494
0   1.20035696  -6.49217749  15.63496494
0   4.08407974  -6.49217749  15.63496494
0   6.96780252  -6.49217749  15.63496494
0  -7.45081186  -3.60845470  15.63496494
0   6.96780252  -3.60845470  15.63496494
0  -7.45081186  -0.72473186  15.63496494
0   6.96780252  -0.72473186  15.63496494
0  -7.45081186   2.15899110  15.63496494
0   6.96780252   2.15899110  15.63496494
0  -7.45081186   5.04271364  15.63496494
0   6.96780252   5.04271364  15.63496494
0  -7.45081186   7.92643690  15.63496494
0  -4.56708860   7.92643690  15.63496494
0  -1.68336594   7.92643690  15.63496494
0   1.20035696   7.92643690  15.63496494
0   4.08407974   7.92643690  15.63496494
0   6.96780252   7.92643690  15.63496494
0  -6.00895023  -5.05031633  17.67406464
0  -3.12522745  -5.05031633  17.67406464
0  -0.24150449  -5.05031633  17.67406464
0   2.64221835  -5.05031633  17.67406464
0   5.52594137  -5.05031633  17.67406464
0  -6.00895023  -2.16659331  17.67406464
0  -3.12522745  -2.16659331  17.67406464
0  -0.24150449  -2.16659331  17.67406464
0   2.64221835  -2.16659331  17.67406464
0   5.52594137  -2.16659331  17.67406464
0  -6.00895023   0.71712953  17.67406464
0  -3.12522745   0.71712953  17.67406464
0  -0.24150449   0.71712953  17.67406464
0   2.64221835   0.71712953  17.67406464
0   5.52594137   0.71712953  17.67406464
0  -6.00895023   3.60085249  17.67406464
0  -3.12522745   3.60085249  17.67406464
0  -0.24150449   3.60085249  17.67406464
0   2.64221835   3.60085249  17.67406464
0   5.52594137   3.60085249  17.67406464
0  -6.00895023   6.48457527  17.67406464
0  -3.12522745   6.48457527  17.67406464
0  -0.24150449   6.48457527  17.67406464
0   2.64221835   6.48457527  17.67406464
0   5.52594137   6.48457527  17.67406464
1  14.39154720  12.30901241  -6.78658152
1  16.95264626   9.59832954  -2.73171926
1  14.22761440  12.51872158  -2.70104885
1  11.31420612  15.27785206  -2.66074276
1  20.34864998   7.28317499  -1.24254262
1  11.33227348  15.20032024   1.38917315
1   8.58772373  18.39877319   1.61510992
1  14.18440533  12.40678406   1.27646613
1  11.26803398  15.26875973   5.42234993
1  14.24581337  12.19349670   5.30491447
1  13.88495159  13.72778797   8.83171272
1 -17.64746284  -8.04421043  -2.80704117
1 -11.79050922 -13.92425919  -6.80772257
1 -14.65065002 -10.77101517  -6.73551178
1  -9.18702984 -16.65037537  -2.72533584
1 -17.54244232  -7.88635445   1.33753884
1 -11.93182373 -13.83398533  -2.73949814
1 -20.78186035  -5.93245411  -0.04371884
1  -7.11548090 -19.77696228  -1.32633543
1 -14.72637177 -10.94982719  -2.68717790
1  -9.00762177 -16.64560509   1.53077412
1 -14.73241901 -10.92288494   1.37468612
1 -11.94273090 -13.68533039   1.26149893
1 -14.92028141 -10.89997578   5.62454319
1 -11.69779396 -14.03113270   5.35923767
1 -13.38417244 -12.97344780   8.67334938
1 -14.59291649  12.36331463  -6.86908293
1 -20.41481781   7.58129406  -1.55806804
1 -17.49718857   9.72387505  -2.84064221
1 -14.64798450  12.31352711  -2.79947853
1  -9.08260155  17.99738503   1.35412586
1 -11.84247875  15.29389095  -2.81503272
1 -17.70856476   9.44188023   1.51149380
1 -11.99271488  15.17307663   1.32684016
1 -14.83101559  12.23936081   1.13804924
1 -15.12316322  12.27714252   5.14831114
1 -11.77510738  15.31072426   5.42786026
1 -14.07687759  13.52825832   8.46338749
1  14.75030613 -14.02571487  -8.08519650
1  16.02809143 -12.14853287  -4.57328224
1  12.80584526 -15.23994732  -4.69303036
1   9.98455429 -18.25798988  -0.71935678
1  15.61103725 -12.34600830  -0.62044716
1  12.85136223 -15.19691753  -0.57177281
1  18.73175621  -9.54645920  -0.45774281
1  15.90072346 -12.35638237   3.43322873
1  12.83583450 -15.21342468   3.29254985
1  14.51026726 -14.41095448   6.62655020
1  -4.71637630  -3.67679977  19.97991180
1  -6.54995012   5.47190762  20.44692802
1   4.12826204   4.95966387  19.86314964
1   5.20152235  -4.24988890  20.39205360
1  -1.68025625   5.01720142  19.85513306
1   1.27577579  -3.67023635  19.86186790
1  -4.50092459   2.16983628  19.75335693
1   1.24535477   2.21088195  19.80818367
1  -1.60077894  -0.72471339  19.84885597
1   3.90964293  -0.55494362  19.78595352
1  -3.05965972   0.70638329 -19.16402435
1  -0.25137082  -2.11028147 -19.18569756
1  -2.97521973  -5.01148176 -19.04609871
1  -0.12052630   3.48831463 -19.19435120
1   2.82914567   0.63834739 -19.19418526
1   2.58153701  -5.16119957 -19.12869644
1   5.60020924  -2.20532608 -19.17061043
1   5.47083616   3.55668426 -19.20027924
1  -6.09193993  -2.19165134 -19.17890549
1   6.29823542  -6.81920433 -19.80062103
1  -6.15412045   3.34612060 -19.16444016
1  -2.13216043  19.34061241   3.94230843
1  -6.13060093  19.09017372   4.06533623
1   1.65696621  19.36167526   3.70079732
1   5.32688618  19.23964119   4.01946926
1  -8.43078995  17.32588387   7.33063650
1  -0.02854902  17.35827827   7.12332010
1  -4.47445202  17.15864182   6.98040676
1   8.08684540  17.46786880   7.04644203
1  -6.49166012  15.11189747   9.89809513
1   3.95762157  17.07166672   7.14335680
1 -10.59017277  14.88752842  10.12082481
1   9.82112408  14.84958076  10.13395405
1  -4.66765118  13.01241016  13.31036854
1   1.69690621  15.07828426  10.07280254
1  -9.08689690  12.77195263  13.24050903
1  -2.36532116  15.00257492  10.09855938
1   6.00678110  15.09364033   9.87223530
1   8.41203785  12.65361500  13.25688648
1   3.71000719  13.29875183  12.86299610
1  -6.66321135  10.63598728  16.07629395
1  -0.29450163  12.96613121  12.91529846
1   6.26206589  10.67482090  16.00575638
1  -2.12250304  10.83035374  15.94170094
1   1.82757437  10.97371674  15.85227013
1  -4.48824120   8.81057644  18.79874992
1   4.21103001   8.85213375  18.69901848
1  -0.02639321   9.02999687  18.92328835
1 -21.09079742   4.77530050   1.22409797
1 -19.27667809   2.01740646   3.24792743
1 -20.38601875  -2.24354672   1.67414033
1 -18.72294044  -5.12627983   3.99950314
1 -18.78451347   5.90770912   4.11710215
1 -17.55218506  -1.88347220   5.55469465
1 -17.54397964   9.39675713   5.73567009
1 -16.99255371   2.36672831   6.49100971
1 -15.41648102  -2.07222986   8.67654610
1 -14.69117165   9.58123016   9.72522736
1 -16.22978973  -6.30936241   7.38459921
1 -15.94134712   6.30636358   8.06630135
1 -14.35645103  -9.46272278  10.15724564
1 -14.48046684   2.55827713  10.08031464
1 -12.93464565  11.90110207  12.15150452
1 -14.10376453  -5.30588579  11.05752468
1 -13.37470150   6.39134979  11.83527946
1 -11.95562935  -7.91637707  13.40840721
1 -13.11775875  -0.88756835  11.95832062
1 -11.27096462   8.08450699  14.61872673
1 -11.40118313  -3.70423746  14.45012188
1 -11.72986889   3.54813814  13.93170547
1  -9.95898819  -7.36921406  16.97794342
1 -10.36660004  -0.00328329  15.83378029
1  -8.94826412   7.58105516  18.12884903
1  -8.66983318  -3.75746655  18.36642647
1  -8.98282242   3.29552579  17.74682236
1  -7.95123577   0.12951063  19.78625107
1  19.46067047   2.20920873   2.11538863
1  19.80737686  -1.89932632   1.61350942
1  19.82898903   6.14002514   2.36575317
1  20.18989944  -6.16492271   1.57187831
1  18.21010399  -8.35872173   4.19031382
1  16.90415192   7.86335325   6.03631973
1  17.92784691  -0.27823177   5.04703665
1  16.29059029 -10.70164585   7.48644733
1  17.05423355   3.68050408   5.51469755
1  18.16230011  -4.40439939   4.44701242
1  15.68386173  -6.53873873   7.40057564
1  13.95595932  -8.99314308  10.33053780
1  15.13132858   5.58295250   8.78795910
1  15.58077812  -2.76661205   7.87135124
1  14.68558788   9.55573750   9.00395584
1  15.29167747   1.11245334   8.19351864
1  12.64445496   7.51687002  11.92638493
1  12.65916634  11.81236935  12.04925728
1  13.80871773  -5.01519537  10.74396992
1  12.43207073   3.56970549  12.26298523
1  12.78162861  -0.69192374  11.58346367
1  10.73599815   9.19477940  15.32564735
1  11.64754200  -7.75441408  13.28629780
1  10.80182838   0.99763465  15.14653873
1  11.12183285  -3.84527516  14.33398438
1  10.18799400   5.06483507  15.46250248
1   8.03982925  -0.84163672  18.39495468
1   8.26945686   7.03641224  18.12930489
1   8.55593967  -4.74918413  17.81511307
1   8.07460976   2.98471117  18.37219620
1  -5.01415825 -19.15170670   2.09403539
1   2.73728800 -19.80047798   1.22292113
1   6.62011003 -19.26413155   2.23491025
1  -1.17875969 -19.19620514   2.19423389
1   9.87620449 -17.96998405   3.79317880
1   6.66143370 -16.64595795   5.91572380
1  -1.94050062 -16.29409981   6.10585070
1   2.60681367 -17.41922760   4.57894373
1  -6.02255583 -16.69500160   5.56351137
1   3.32714725 -14.94401836   7.89474678
1  10.16668415 -15.25354671   7.57152605
1  -8.91225815 -14.68879032   8.41087818
1   6.74486542 -13.29139042  10.03669548
1  -0.19313112 -14.04454327   9.18318939
1 -11.30596542 -12.14399815  12.07796764
1  -4.01422024 -13.63797951   9.86992455
1   3.57850409 -12.16968632  12.10883713
1   9.99757004 -12.17830276  12.03757668
1  -7.48743296 -12.44640541  11.49414253
1  -8.84165859 -10.64917660  14.74942493
1  -0.36337742 -11.67331028  12.51456928
1  -5.88671684  -8.18672085  17.55388069
1   2.70230842 -10.04608631  15.35229111
1  -4.74692202 -10.49639511  14.14792633
1   6.66586494 -10.51546860  14.15034199
1  -1.57743955  -9.41726971  15.70176029
1  -2.15724349  -7.13210917  19.43557930
1   5.48418045  -8.01680660  17.74817657
1   1.46971607  -7.61855507  18.36712074
1  -0.44575050   7.67686319 -17.54260826
1  -4.50061083   8.19455624 -16.71405411
1   7.18753672   7.72544384 -17.85165405
1  -7.76967287   7.22471428 -18.82617187
1   8.24261475   9.77632046 -14.71282005
1  -0.08017658   9.94189930 -14.38171673
1   4.00348234   8.80703831 -15.76424217
1  -4.11946678  10.77040863 -13.16657543
1  -0.00791301  12.35318947 -10.92840195
1  -8.00772190   9.36765099 -15.34182072
1   4.10898495  11.26690578 -12.44531822
1  11.48874283  10.99716377 -13.17416477
1 -11.20708179  10.85918808 -13.37014961
1  -7.55456877  11.83389664 -11.56863308
1  -3.45322657  13.43311119  -9.34686661
1   7.95683241  12.15418339 -11.22530079
1 -11.62736607  13.03319263  -9.99818897
1  11.35408783  13.26858711  -9.68582344
1   4.07282019  13.69454098  -8.83714867
1   0.82381475  15.06987095  -7.30701685
1  -3.12634683  16.07473183  -5.76709557
1  -7.40711975  14.26986313  -8.17189980
1   7.78760481  15.27910042  -7.20254374
1   4.20924234  16.64547348  -4.95327425
1 -11.54788876  15.42409801  -6.90517282
1  -3.11243343  18.16526222  -2.56338859
1   0.93716472  17.67457581  -3.47607279
1  -7.55623102  16.57531166  -4.89438677
1   4.34111357  19.40551949  -0.93597639
1   7.77766848  17.87807465  -3.08834100
1   0.03039862  20.14443970  -0.59463209
1  -7.13487196  19.09838295  -2.06157207
1 -10.33054829  -0.60985309 -17.00880051
1  -9.79750538   3.46319509 -17.74993134
1  -9.38512135  -4.81610632 -18.50404358
1 -10.74580097  -8.25810146 -17.07783890
1 -11.29584694   7.13911486 -16.63468361
1 -12.41531467   3.54060721 -14.31504631
1 -11.58275700  -3.84344077 -15.35384178
1 -12.80520344  -8.04315758 -13.60385704
1 -14.48765087  -3.94708538 -11.39525795
1 -13.26772499   7.61082315 -13.02299213
1 -15.29368782  -7.83476686 -10.11946869
1 -13.19001198  -0.52909529 -12.96750355
1 -15.12688541  10.76696777 -10.88949585
1 -16.73129272  -3.65160823  -8.13903236
1 -14.69243050   3.55475140 -11.00094986
1 -15.95434380   0.06764850  -9.35536003
1 -15.89190865   7.05620480  -9.29691219
1 -17.42020226   3.15171051  -7.25217676
1 -18.59801674   6.55486059  -5.47159910
1 -18.75245667   0.02213161  -5.20497894
1 -18.85859299  -4.38475561  -5.09373713
1 -20.87956238  -2.31880546  -2.35900211
1 -20.49328995   3.65521741  -2.85726881
1   9.50816250  -2.52646542 -17.67457771
1   9.64164162   3.99398470 -17.61213493
1  11.10956573   0.18996905 -15.40177631
1   9.89979935  -6.40328217 -17.09258461
1  12.54902267   3.48159456 -13.45656013
1  12.76238632  -3.58997393 -12.84905243
1  11.32262421   6.96142292 -15.27206707
1  14.22600460   0.16435604 -11.07414913
1  12.12902355  -8.07934666 -13.80656719
1  15.09422684   3.80882478  -9.82176971
1  15.48693562  -4.04918861  -9.25671482
1  13.61423779   7.78965998 -11.71709919
1  16.58729362  -0.55413264  -7.54656553
1  14.35371971  -7.63826656 -10.91039085
1  14.23773956 -11.35562611 -11.22290039
1  17.34630203   3.41266775  -6.62394953
1  17.87170792  -4.95899963  -5.86137295
1  16.43558884  -9.45002842  -8.01887798
1  15.98389053   7.83291149  -8.49229908
1  19.07859230  -0.75885540  -4.27109385
1  19.95556831   3.69476676  -2.79417515
1  20.09813118  -5.04713917  -2.58752894
1  18.33092117   7.01217031  -5.30841398
1  18.60378075  -8.95400810  -4.94842577
1   2.81881785  -9.07177448 -17.61501503
1   7.12615108  -9.62881947 -16.98480797
1  -0.26784414 -13.19139385 -12.63480186
1  -4.10554790  -9.31941986 -17.13599205
1   2.82041407 -11.34592915 -14.43719578
1  -7.52931499 -10.33721447 -15.70087814
1  -0.99197990 -10.62954903 -15.49285030
1 -11.19962025 -14.37026978 -10.66042328
1  -7.49671888 -13.24111748 -11.84843349
1   7.46931934 -12.22724628 -13.11231804
1 -11.45204258 -11.93513393 -13.63140202
1   4.07668066 -13.55270767 -11.32901859
1  -4.35781908 -12.06925488 -13.52674103
1  11.03785801 -13.67397118 -11.10673904
1   0.67771131 -14.92291832  -9.24342823
1  -3.09976292 -14.31081200 -10.16127205
1   7.21872520 -15.03209019  -9.34442043
1  -7.28789806 -15.52419853  -8.50800800
1   3.92348027 -16.14616203  -7.47399950
1  -3.16841316 -16.56697273  -6.97668314
1  10.28026581 -16.42783928  -7.53645754
1   0.58318049 -18.00833130  -5.05750084
1  -6.48152685 -18.00886917  -5.47582483
1   3.75915170 -19.21218109  -3.16445565
1  -3.35855961 -19.43590736  -3.09361410
1   7.33201218 -17.94764137  -5.19754410
