# typeid, x, y, z
0  -3.61407828  -5.03803825 -19.12306404
0  -0.73035550  -5.03803825 -19.12306404
0   2.15336728  -5.03803825 -19.12306404
0   5.03709030  -5.03803825 -19.12306404
0  -3.61407828  -2.15431523 -19.12306404
0  -0.73035550  -2.15431523 -19.12306404
0   2.15336728  -2.15431523 -19.12306404
0   5.03709030  -2.15431523 -19.12306404
0  -3.61407828   0.72940767 -19.12306404
0  -0.73035550   0.72940767 -19.12306404
0   2.15336728   0.72940767 -19.12306404
0   5.03709030   0.72940767 -19.12306404
0  -3.61407828   3.61313057 -19.12306404
0  -0.73035550   3.61313057 -19.12306404
0   2.15336728   3.61313057 -19.12306404
0   5.03709030   3.61313057 -19.12306404
0  -5.05593967  -6.47989941 -17.08396339
0  -2.17221689  -6.47989941 -17.08396339
0   0.71150595  -6.47989941 -17.08396339
0   3.59522891  -6.47989941 -17.08396339
0   6.47895145  -6.47989941 -17.08396339
0  -5.05593967  -3.59617662 -17.08396339
0   6.47895145  -3.59617662 -17.08396339
0  -5.05593967  -0.71245378 -17.08396339
0   6.47895145  -0.71245378 -17.08396339
0  -5.05593967   2.17126918 -17.08396339
0   6.47895145   2.17126918 -17.08396339
0  -5.05593967   5.05499220 -17.08396339
0  -2.17221689   5.05499220 -17.08396339
0   0.71150595   5.05499220 -17.08396339
0   3.59522891   5.05499220 -17.08396339
0   6.47895145   5.05499220 -17.08396339
0  -6.49780130  -7.92176104 -15.04486370
0  -3.61407828  -7.92176104 -15.04486370
0  -0.73035550  -7.92176104 -15.04486370
0   2.15336728  -7.92176104 -15.04486370
0   5.03709030  -7.92176104 -15.04486370
0   7.92081308  -7.92176104 -15.04486370
0  -6.49780130  -5.03803825 -15.04486370
0   7.92081308  -5.03803825 -15.04486370
0  -6.49780130  -2.15431523 -15.04486370
0   7.92081308  -2.15431523 -15.04486370
0  -6.49780130   0.72940767 -15.04486370
0   7.92081308   0.72940767 -15.04486370
0  -6.49780130   3.61313057 -15.04486370
0   7.92081308   3.61313057 -15.04486370
0  -6.49780130   6.49685335 -15.04486370
0  -3.61407828   6.49685335 -15.04486370
0  -0.73035550   6.49685335 -15.04486370
0   2.15336728   6.49685335 -15.04486370
0   5.03709030   6.49685335 -15.04486370
0   7.92081308   6.49685335 -15.04486370
0  -7.93966246  -9.36362267 -13.00576305
0  -5.05593967  -9.36362267 -13.00576305
0  -2.17221689  -9.36362267 -13.00576305
0   0.71150595  -9.36362267 -13.00576305
0   3.59522891  -9.36362267 -13.00576305
0   6.47895145  -9.36362267 -13.00576305
0   9.36267471  -9.36362267 -13.00576305
0  -7.93966246  -6.47989941 -13.00576305
0   9.36267471  -6.47989941 -13.00576305
0  -7.93966246  -3.59617662 -13.00576305
0   9.36267471  -3.59617662 -13.00576305
0  -7.93966246  -0.71245378 -13.00576305
0   9.36267471  -0.71245378 -13.00576305
0  -7.93966246   2.17126918 -13.00576305
0   9.36267471   2.17126918 -13.00576305
0  -7.93966246   5.05499220 -13.00576305
0   9.36267471   5.05499220 -13.00576305
0  -7.93966246   7.93871498 -13.00576305
0  -5.05593967   7.93871498 -13.00576305
0  -2.17221689   7.93871498 -13.00576305
0   0.71150595   7.93871498 -13.00576305
0   3.59522891   7.93871498 -13.00576305
0   6.47895145   7.93871498 -13.00576305
0   9.36267471   7.93871498 -13.00576305
0  -9.38152409 -10.80548382 -10.96666336
0  -6.49780130 -10.80548382 -10.96666336
0  -3.61407828 -10.80548382 -10.96666336
0  -0.73035550 -10.80548382 -10.96666336
0   2.15336728 -10.80548382 -10.96666336
0   5.03709030 -10.80548382 -10.96666336
0   7.92081308 -10.80548382 -10.96666336
0  10.80453587 -10.80548382 -10.96666336
0  -9.38152409  -7.92176104 -10.96666336
0  10.80453587  -7.92176104 -10.96666336
0  -9.38152409  -5.03803825 -10.96666336
0  10.80453587  -5.03803825 -10.96666336
0  -9.38152409  -2.15431523 -10.96666336
0  10.80453587  -2.15431523 -10.96666336
0  -9.38152409   0.72940767 -10.96666336
0  10.80453587   0.72940767 -10.96666336
0  -9.38152409   3.61313057 -10.96666336
0  10.80453587   3.61313057 -10.96666336
0  -9.38152409   6.49685335 -10.96666336
0  10.80453587   6.49685335 -10.96666336
0  -9.38152409   9.38057613 -10.96666336
0  -6.49780130   9.38057613 -10.96666336
0  -3.61407828   9.38057613 -10.96666336
0  -0.73035550   9.38057613 -10.96666336
0   2.15336728   9.38057613 -10.96666336
0   5.03709030   9.38057613 -10.96666336
0   7.92081308   9.38057613 -10.96666336
0  10.80453587   9.38057613 -10.96666336
0 -10.82338524 -12.24734497  -8.92756367
0  -7.93966246 -12.24734497  -8.92756367
0  -5.05593967 -12.24734497  -8.92756367
0  -2.17221689 -12.24734497  -8.92756367
0   0.71150595 -12.24734497  -8.92756367
0   3.59522891 -12.24734497  -8.92756367
0   6.47895145 -12.24734497  -8.92756367
0   9.36267471 -12.24734497  -8.92756367
0  12.24639702 -12.24734497  -8.92756367
0 -10.82338524  -9.36362267  -8.92756367
0  12.24639702  -9.36362267  -8.92756367
0 -10.82338524  -6.47989941  -8.92756367
0  12.24639702  -6.47989941  -8.92756367
0 -10.82338524  -3.59617662  -8.92756367
0  12.24639702  -3.59617662  -8.92756367
0 -10.82338524  -0.71245378  -8.92756367
0  12.24639702  -0.71245378  -8.92756367
0 -10.82338524   2.17126918  -8.92756367
0  12.24639702   2.17126918  -8.92756367
0 -10.82338524   5.05499220  -8.92756367
0  12.24639702   5.05499220  -8.92756367
0 -10.82338524   7.93871498  -8.92756367
0  12.24639702   7.93871498  -8.92756367
0 -10.82338524  10.82243729  -8.92756367
0  -7.93966246  10.82243729  -8.92756367
0  -5.05593967  10.82243729  -8.92756367
0  -2.17221689  10.82243729  -8.92756367
0   0.71150595  10.82243729  -8.92756367
0   3.59522891  10.82243729  -8.92756367
0   6.47895145  10.82243729  -8.92756367
0   9.36267471  10.82243729  -8.92756367
0  12.24639702  10.82243729  -8.92756367
0 -12.26524734 -13.68920708  -6.88846350
0  -9.38152409 -13.68920708  -6.88846350
0  -6.49780130 -13.68920708  -6.88846350
0  -3.61407828 -13.68920708  -6.88846350
0  -0.73035550 -13.68920708  -6.88846350
0   2.15336728 -13.68920708  -6.88846350
0   5.03709030 -13.68920708  -6.88846350
0   7.92081308 -13.68920708  -6.88846350
0  10.80453587 -13.68920708  -6.88846350
0 -12.26524734 -10.80548382  -6.88846350
0  13.68825912 -10.80548382  -6.88846350
0 -12.26524734  -7.92176104  -6.88846350
0  13.68825912  -7.92176104  -6.88846350
0 -12.26524734  -5.03803825  -6.88846350
0  13.68825912  -5.03803825  -6.88846350
0 -12.26524734  -2.15431523  -6.88846350
0  13.68825912  -2.15431523  -6.88846350
0 -12.26524734   0.72940767  -6.88846350
0  13.68825912   0.72940767  -6.88846350
0 -12.26524734   3.61313057  -6.88846350
0  13.68825912   3.61313057  -6.88846350
0 -12.26524734   6.49685335  -6.88846350
0  13.68825912   6.49685335  -6.88846350
0 -12.26524734   9.38057613  -6.88846350
0  13.68825912   9.38057613  -6.88846350
0 -12.26524734  12.26429939  -6.88846350
0  -9.38152409  12.26429939  -6.88846350
0  -6.49780130  12.26429939  -6.88846350
0  -3.61407828  12.26429939  -6.88846350
0  -0.73035550  12.26429939  -6.88846350
0   2.15336728  12.26429939  -6.88846350
0   5.03709030  12.26429939  -6.88846350
0   7.92081308  12.26429939  -6.88846350
0  10.80453587  12.26429939  -6.88846350
0  13.68825912  12.26429939  -6.88846350
0 -10.82338524 -15.13106823  -4.84936333
0  -7.93966246 -15.13106823  -4.84936333
0  -5.05593967 -15.13106823  -4.84936333
0  -2.17221689 -15.13106823  -4.84936333
0   0.71150595 -15.13106823  -4.84936333
0   3.59522891 -15.13106823  -4.84936333
0   6.47895145 -15.13106823  -4.84936333
0   9.36267471 -15.13106823  -4.84936333
0 -13.70710850 -12.24734497  -4.84936333
0  12.24639702 -12.24734497  -4.84936333
0 -13.70710850  -9.36362267  -4.84936333
0  15.13012028  -9.36362267  -4.84936333
0 -13.70710850  -6.47989941  -4.84936333
0  15.13012028  -6.47989941  -4.84936333
0 -13.70710850  -3.59617662  -4.84936333
0  15.13012028  -3.59617662  -4.84936333
0 -13.70710850  -0.71245378  -4.84936333
0  15.13012028  -0.71245378  -4.84936333
0 -13.70710850   2.17126918  -4.84936333
0  15.13012028   2.17126918  -4.84936333
0 -13.70710850   5.05499220  -4.84936333
0  15.13012028   5.05499220  -4.84936333
0 -13.70710850   7.93871498  -4.84936333
0  15.13012028   7.93871498  -4.84936333
0 -13.70710850  10.82243729  -4.84936333
0  15.13012028  10.82243729  -4.84936333
0 -10.82338524  13.70616055  -4.84936333
0  -7.93966246  13.70616055  -4.84936333
0  -5.05593967  13.70616055  -4.84936333
0  -2.17221689  13.70616055  -4.84936333
0   0.71150595  13.70616055  -4.84936333
0   3.59522891  13.70616055  -4.84936333
0   6.47895145  13.70616055  -4.84936333
0   9.36267471  13.70616055  -4.84936333
0  12.24639702  13.70616055  -4.84936333
0  -9.38152409 -16.57292938  -2.81026340
0  -6.49780130 -16.57292938  -2.81026340
0  -3.61407828 -16.57292938  -2.81026340
0  -0.73035550 -16.57292938  -2.81026340
0   2.15336728 -16.57292938  -2.81026340
0   5.03709030 -16.57292938  -2.81026340
0   7.92081308 -16.57292938  -2.81026340
0 -12.26524734 -13.68920708  -2.81026340
0  10.80453587 -13.68920708  -2.81026340
0 -15.14896965 -10.80548382  -2.81026340
0  13.68825912 -10.80548382  -2.81026340
0 -15.14896965  -7.92176104  -2.81026340
0  16.57198143  -7.92176104  -2.81026340
0 -15.14896965  -5.03803825  -2.81026340
0  16.57198143  -5.03803825  -2.81026340
0 -15.14896965  -2.15431523  -2.81026340
0  16.57198143  -2.15431523  -2.81026340
0 -15.14896965   0.72940767  -2.81026340
0  16.57198143   0.72940767  -2.81026340
0 -15.14896965   3.61313057  -2.81026340
0  16.57198143   3.61313057  -2.81026340
0 -15.14896965   6.49685335  -2.81026340
0  16.57198143   6.49685335  -2.81026340
0 -15.14896965   9.38057613  -2.81026340
0  16.57198143   9.38057613  -2.81026340
0 -12.26524734  12.26429939  -2.81026340
0  13.68825912  12.26429939  -2.81026340
0  -9.38152409  15.14802170  -2.81026340
0  -6.49780130  15.14802170  -2.81026340
0  -3.61407828  15.14802170  -2.81026340
0  -0.73035550  15.14802170  -2.81026340
0   2.15336728  15.14802170  -2.81026340
0   5.03709030  15.14802170  -2.81026340
0   7.92081308  15.14802170  -2.81026340
0  10.80453587  15.14802170  -2.81026340
0  -7.93966246 -18.01479149  -0.77116334
0  -5.05593967 -18.01479149  -0.77116334
0  -2.17221689 -18.01479149  -0.77116334
0   0.71150595 -18.01479149  -0.77116334
0   3.59522891 -18.01479149  -0.77116334
0   6.47895145 -18.01479149  -0.77116334
0 -10.82338524 -15.13106823  -0.77116334
0   9.36267471 -15.13106823  -0.77116334
0 -13.70710850 -12.24734497  -0.77116334
0  12.24639702 -12.24734497  -0.77116334
0 -16.59083176  -9.36362267  -0.77116334
0  15.13012028  -9.36362267  -0.77116334
0 -16.59083176  -6.47989941  -0.77116334
0  18.01384354  -6.47989941  -0.77116334
0 -16.59083176  -3.59617662  -0.77116334
0  18.01384354  -3.59617662  -0.77116334
0 -16.59083176  -0.71245378  -0.77116334
0  18.01384354  -0.71245378  -0.77116334
0 -16.59083176   2.17126918  -0.77116334
0  18.01384354   2.17126918  -0.77116334
0 -16.59083176   5.05499220  -0.77116334
0  18.01384354   5.05499220  -0.77116334
0 -16.59083176   7.93871498  -0.77116334
0  18.01384354   7.93871498  -0.77116334
0 -13.70710850  10.82243729  -0.77116334
0  15.13012028  10.82243729  -0.77116334
0 -10.82338524  13.70616055  -0.77116334
0  12.24639702  13.70616055  -0.77116334
0  -7.93966246  16.58988380  -0.77116334
0  -5.05593967  16.58988380  -0.77116334
0  -2.17221689  16.58988380  -0.77116334
0   0.71150595  16.58988380  -0.77116334
0   3.59522891  16.58988380  -0.77116334
0   6.47895145  16.58988380  -0.77116334
0   9.36267471  16.58988380  -0.77116334
0  -9.38152409 -16.57292938   1.26793671
0  -6.49780130 -16.57292938   1.26793671
0  -3.61407828 -16.57292938   1.26793671
0  -0.73035550 -16.57292938   1.26793671
0   2.15336728 -16.57292938   1.26793671
0   5.03709030 -16.57292938   1.26793671
0   7.92081308 -16.57292938   1.26793671
0 -12.26524734 -13.68920708   1.26793671
0  10.80453587 -13.68920708   1.26793671
0 -15.14896965 -10.80548382   1.26793671
0  13.68825912 -10.80548382   1.26793671
0 -18.03269196  -7.92176104   1.26793671
0  16.57198143  -7.92176104   1.26793671
0 -18.03269196  -5.03803825   1.26793671
0  16.57198143  -5.03803825   1.26793671
0 -18.03269196  -2.15431523   1.26793671
0  16.57198143  -2.15431523   1.26793671
0 -18.03269196   0.72940767   1.26793671
0  16.57198143   0.72940767   1.26793671
0 -18.03269196   3.61313057   1.26793671
0  16.57198143   3.61313057   1.26793671
0 -18.03269196   6.49685335   1.26793671
0  16.57198143   6.49685335   1.26793671
0 -15.14896965   9.38057613   1.26793671
0  16.57198143   9.38057613   1.26793671
0 -12.26524734  12.26429939   1.26793671
0  13.68825912  12.26429939   1.26793671
0  -9.38152409  15.14802170   1.26793671
0  10.80453587  15.14802170   1.26793671
0  -6.49780130  18.03174400   1.26793671
0  -3.61407828  18.03174400   1.26793671
0  -0.73035550  18.03174400   1.26793671
0   2.15336728  18.03174400   1.26793671
0   5.03709030  18.03174400   1.26793671
0   7.92081308  18.03174400   1.26793671
0 -10.82338524 -15.13106823   3.30703664
0  -7.93966246 -15.13106823   3.30703664
0  -5.05593967 -15.13106823   3.30703664
0  -2.17221689 -15.13106823   3.30703664
0   0.71150595 -15.13106823   3.30703664
0   3.59522891 -15.13106823   3.30703664
0   6.47895145 -15.13106823   3.30703664
0   9.36267471 -15.13106823   3.30703664
0 -13.70710850 -12.24734497   3.30703664
0  12.24639702 -12.24734497   3.30703664
0 -16.59083176  -9.36362267   3.30703664
0  15.13012028  -9.36362267   3.30703664
0 -16.59083176  -6.47989941   3.30703664
0  15.13012028  -6.47989941   3.30703664
0 -16.59083176  -3.59617662   3.30703664
0  15.13012028  -3.59617662   3.30703664
0 -16.59083176  -0.71245378   3.30703664
0  15.13012028  -0.71245378   3.30703664
0 -16.59083176   2.17126918   3.30703664
0  15.13012028   2.17126918   3.30703664
0 -16.59083176   5.05499220   3.30703664
0  15.13012028   5.05499220   3.30703664
0 -16.59083176   7.93871498   3.30703664
0  15.13012028   7.93871498   3.30703664
0 -13.70710850  10.82243729   3.30703664
0  15.13012028  10.82243729   3.30703664
0 -10.82338524  13.70616055   3.30703664
0  12.24639702  13.70616055   3.30703664
0  -7.93966246  16.58988380   3.30703664
0  -5.05593967  16.58988380   3.30703664
0  -2.17221689  16.58988380   3.30703664
0   0.71150595  16.58988380   3.30703664
0   3.59522891  16.58988380   3.30703664
0   6.47895145  16.58988380   3.30703664
0   9.36267471  16.58988380   3.30703664
0 -12.26524734 -13.68920708   5.34613657
0  -9.38152409 -13.68920708   5.34613657
0  -6.49780130 -13.68920708   5.34613657
0  -3.61407828 -13.68920708   5.34613657
0  -0.73035550 -13.68920708   5.34613657
0   2.15336728 -13.68920708   5.34613657
0   5.03709030 -13.68920708   5.34613657
0   7.92081308 -13.68920708   5.34613657
0  10.80453587 -13.68920708   5.34613657
0 -15.14896965 -10.80548382   5.34613657
0  13.68825912 -10.80548382   5.34613657
0 -15.14896965  -7.92176104   5.34613657
0  13.68825912  -7.92176104   5.34613657
0 -15.14896965  -5.03803825   5.34613657
0  13.68825912  -5.03803825   5.34613657
0 -15.14896965  -2.15431523   5.34613657
0  13.68825912  -2.15431523   5.34613657
0 -15.14896965   0.72940767   5.34613657
0  13.68825912   0.72940767   5.34613657
0 -15.14896965   3.61313057   5.34613657
0  13.68825912   3.61313057   5.34613657
0 -15.14896965   6.49685335   5.34613657
0  13.68825912   6.49685335   5.34613657
0 -15.14896965   9.38057613   5.34613657
0  13.68825912   9.38057613   5.34613657
0 -12.26524734  12.26429939   5.34613657
0  13.68825912  12.26429939   5.34613657
0  -9.38152409  15.14802170   5.34613657
0  -6.49780130  15.14802170   5.34613657
0  -3.61407828  15.14802170   5.34613657
0  -0.73035550  15.14802170   5.34613657
0   2.15336728  15.14802170   5.34613657
0   5.03709030  15.14802170   5.34613657
0   7.92081308  15.14802170   5.34613657
0  10.80453587  15.14802170   5.34613657
0 -13.70710850 -12.24734497   7.38523674
0 -10.82338524 -12.24734497   7.38523674
0  -7.93966246 -12.24734497   7.38523674
0  -5.05593967 -12.24734497   7.38523674
0  -2.17221689 -12.24734497   7.38523674
0   0.71150595 -12.24734497   7.38523674
0   3.59522891 -12.24734497   7.38523674
0   6.47895145 -12.24734497   7.38523674
0   9.36267471 -12.24734497   7.38523674
0  12.24639702 -12.24734497   7.38523674
0 -13.70710850  -9.36362267   7.38523674
0  12.24639702  -9.36362267   7.38523674
0 -13.70710850  -6.47989941   7.38523674
0  12.24639702  -6.47989941   7.38523674
0 -13.70710850  -3.59617662   7.38523674
0  12.24639702  -3.59617662   7.38523674
0 -13.70710850  -0.71245378   7.38523674
0  12.24639702  -0.71245378   7.38523674
0 -13.70710850   2.17126918   7.38523674
0  12.24639702   2.17126918   7.38523674
0 -13.70710850   5.05499220   7.38523674
0  12.24639702   5.05499220   7.38523674
0 -13.70710850   7.93871498   7.38523674
0  12.24639702   7.93871498   7.38523674
0 -13.70710850  10.82243729   7.38523674
0  12.24639702  10.82243729   7.38523674
0 -10.82338524  13.70616055   7.38523674
0  -7.93966246  13.70616055   7.38523674
0  -5.05593967  13.70616055   7.38523674
0  -2.17221689  13.70616055   7.38523674
0   0.71150595  13.70616055   7.38523674
0   3.59522891  13.70616055   7.38523674
0   6.47895145  13.70616055   7.38523674
0   9.36267471  13.70616055   7.38523674
0  12.24639702  13.70616055   7.38523674
0 -12.26524734 -10.80548382   9.42433643
0  -9.38152409 -10.80548382   9.42433643
0  -6.49780130 -10.80548382   9.42433643
0  -3.61407828 -10.80548382   9.42433643
0  -0.73035550 -10.80548382   9.42433643
0   2.15336728 -10.80548382   9.42433643
0   5.03709030 -10.80548382   9.42433643
0   7.92081308 -10.80548382   9.42433643
0  10.80453587 -10.80548382   9.42433643
0 -12.26524734  -7.92176104   9.42433643
0  10.80453587  -7.92176104   9.42433643
0 -12.26524734  -5.03803825   9.42433643
0  10.80453587  -5.03803825   9.42433643
0 -12.26524734  -2.15431523   9.42433643
0  10.80453587  -2.15431523   9.42433643
0 -12.26524734   0.72940767   9.42433643
0  10.80453587   0.72940767   9.42433643
0 -12.26524734   3.61313057   9.42433643
0  10.80453587   3.61313057   9.42433643
0 -12.26524734   6.49685335   9.42433643
0  10.80453587   6.49685335   9.42433643
0 -12.26524734   9.38057613   9.42433643
0  10.80453587   9.38057613   9.42433643
0 -12.26524734  12.26429939   9.42433643
0  -9.38152409  12.26429939   9.42433643
0  -6.49780130  12.26429939   9.42433643
0  -3.61407828  12.26429939   9.42433643
0  -0.73035550  12.26429939   9.42433643
0   2.15336728  12.26429939   9.42433643
0   5.03709030  12.26429939   9.42433643
0   7.92081308  12.26429939   9.42433643
0  10.80453587  12.26429939   9.42433643
0 -10.82338524  -9.36362267  11.46343708
0  -7.93966246  -9.36362267  11.46343708
0  -5.05593967  -9.36362267  11.46343708
0  -2.17221689  -9.36362267  11.46343708
0   0.71150595  -9.36362267  11.46343708
0   3.59522891  -9.36362267  11.46343708
0   6.47895145  -9.36362267  11.46343708
0   9.36267471  -9.36362267  11.46343708
0 -10.82338524  -6.47989941  11.46343708
0   9.36267471  -6.47989941  11.46343708
0 -10.82338524  -3.59617662  11.46343708
0   9.36267471  -3.59617662  11.46343708
0 -10.82338524  -0.71245378  11.46343708
0   9.36267471  -0.71245378  11.46343708
0 -10.82338524   2.17126918  11.46343708
0   9.36267471   2.17126918  11.46343708
0 -10.82338524   5.05499220  11.46343708
0   9.36267471   5.05499220  11.46343708
0 -10.82338524   7.93871498  11.46343708
0   9.36267471   7.93871498  11.46343708
0 -10.82338524  10.82243729  11.46343708
0  -7.93966246  10.82243729  11.46343708
0  -5.05593967  10.82243729  11.46343708
0  -2.17221689  10.82243729  11.46343708
0   0.71150595  10.82243729  11.46343708
0   3.59522891  10.82243729  11.46343708
0   6.47895145  10.82243729  11.46343708
0   9.36267471  10.82243729  11.46343708
0  -9.38152409  -7.92176104  13.50253677
0  -6.49780130  -7.92176104  13.50253677
0  -3.61407828  -7.92176104  13.50253677
0  -0.73035550  -7.92176104  13.50253677
0   2.15336728  -7.92176104  13.50253677
0   5.03709030  -7.92176104  13.50253677
0   7.92081308  -7.92176104  13.50253677
0  -9.38152409  -5.03803825  13.50253677
0   7.92081308  -5.03803825  13.50253677
0  -9.38152409  -2.15431523  13.50253677
0   7.92081308  -2.15431523  13.50253677
0  -9.38152409   0.72940767  13.50253677
0   7.92081308   0.72940767  13.50253677
0  -9.38152409   3.61313057  13.50253677
0   7.92081308   3.61313057  13.50253677
0  -9.38152409   6.49685335  13.50253677
0   7.92081308   6.49685335  13.50253677
0  -9.38152409   9.38057613  13.50253677
0  -6.49780130   9.38057613  13.50253677
0  -3.61407828   9.38057613  13.50253677
0  -0.73035550   9.38057613  13.50253677
0   2.15336728   9.38057613  13.50253677
0   5.03709030   9.38057613  13.50253677
0   7.92081308   9.38057613  13.50253677
0  -7.93966246  -6.47989941  15.54163647
0  -5.05593967  -6.47989941  15.54163647
0  -2.17221689  -6.47989941  15.54163647
0   0.71150595  -6.47989941  15.54163647
0   3.59522891  -6.47989941  15.54163647
0   6.47895145  -6.47989941  15.54163647
0  -7.93966246  -3.59617662  15.54163647
0   6.47895145  -3.59617662  15.54163647
0  -7.93966246  -0.71245378  15.54163647
0   6.47895145  -0.71245378  15.54163647
0  -7.93966246   2.17126918  15.54163647
0   6.47895145   2.17126918  15.54163647
0  -7.93966246   5.05499220  15.54163647
0   6.47895145   5.05499220  15.54163647
0  -7.93966246   7.93871498  15.54163647
0  -5.05593967   7.93871498  15.54163647
0  -2.17221689   7.93871498  15.54163647
0   0.71150595   7.93871498  15.54163647
0   3.59522891   7.93871498  15.54163647
0   6.47895145   7.93871498  15.54163647
0  -6.49780130  -5.03803825  17.58073616
0  -3.61407828  -5.03803825  17.58073616
0  -0.73035550  -5.03803825  17.58073616
0   2.15336728  -5.03803825  17.58073616
0   5.03709030  -5.03803825  17.58073616
0  -6.49780130  -2.15431523  17.58073616
0  -3.61407828  -2.15431523  17.58073616
0  -0.73035550  -2.15431523  17.58073616
0   2.15336728  -2.15431523  17.58073616
0   5.03709030  -2.15431523  17.58073616
0  -6.49780130   0.72940767  17.58073616
0  -3.61407828   0.72940767  17.58073616
0  -0.73035550   0.72940767  17.58073616
0   2.15336728   0.72940767  17.58073616
0   5.03709030   0.72940767  17.58073616
0  -6.49780130   3.61313057  17.58073616
0  -3.61407828   3.61313057  17.58073616
0  -0.73035550   3.61313057  17.58073616
0   2.15336728   3.61313057  17.58073616
0   5.03709030   3.61313057  17.58073616
0  -6.49780130   6.49685335  17.58073616
0  -3.61407828   6.49685335  17.58073616
0  -0.73035550   6.49685335  17.58073616
0   2.15336728   6.49685335  17.58073616
0   5.03709030   6.49685335  17.58073616
1  15.17103481  13.88325882  -4.87577152
1  18.09225655  10.93572807  -0.80991107
1  12.35745525  16.58549690  -0.91202575
1  15.15935612  13.82463074  -0.63019633
1  10.46034145  19.51077461   1.11692154
1  12.41905785  16.57738686   3.17183852
1  15.26484108  14.02908516   3.51223278
1  13.96822548  16.01338768   6.92493725
1 -14.12981796 -15.10775852  -5.13062334
1 -13.63279247 -15.69469833  -1.37614954
1 -16.76198769 -13.10458088  -2.05396628
1 -10.91802025 -18.08660316  -0.79090875
1 -15.23085594 -13.86132145   1.44308662
1 -18.19549751 -10.78885460   1.21912169
1 -12.65770149 -17.09125328   2.34638691
1 -15.20651245 -13.85757732   5.36846256
1 -14.32919788  14.12300014  -6.12747288
1 -15.18624783  12.25438976  -2.80588698
1 -12.22933292  15.31692219  -2.80839467
1  -9.56497002  18.10028839   1.39202738
1 -12.30206776  15.19836521   1.26792371
1 -18.20231438   9.64785194   0.87607169
1 -15.26207542  12.30910015   1.27989936
1 -12.47281075  15.15599823   5.31645966
1 -15.18767738  12.22141552   5.40022230
1 -13.96982098  14.68284798   8.99758816
1  13.92627239 -13.83137894  -6.99987698
1  10.92482948 -16.58518219  -2.82085896
1  16.58729935 -10.96815968  -3.06444049
1  13.71129036 -13.90601921  -2.62259007
1  19.45774651  -8.87870407  -1.34035003
1   8.87730217 -19.73238564  -0.55504805
1  10.81033802 -16.59137154   1.34736443
1  16.76744461 -10.75630283   1.38462305
1  13.72669220 -13.73476410   1.43982720
1  13.72160244 -13.70775890   5.47325468
1  -6.30932093   6.69073057  20.49061203
1   3.58753181   5.21346331  19.73417473
1  -5.02013111  -3.58767915  19.70720673
1   3.55706525  -0.65633422  19.79658699
1  -2.15468359   5.14610100  19.78923035
1   0.66918838  -3.65730453  19.89486313
1   0.73729467   2.33071327  19.69686890
1  -5.03618336   2.26629829  19.65987968
1   4.77524042  -4.26397800  20.33639526
1  -2.05443740  -0.59961551  19.70717239
1   3.61898160  -0.70152557 -21.38697052
1  -3.15117121   2.16145325 -21.56679153
1   0.82334214  -3.54436517 -21.20727348
1   0.83751696   1.97848666 -21.29603577
1   5.58202887  -3.99451590 -21.91857719
1  -3.17383790  -3.66667128 -21.65309525
1   4.75009775   3.26456809 -21.98431587
1   6.38720894  19.60381317   3.32055664
1  -2.05915570  20.13663673   2.60751152
1   9.58170605  17.77387428   5.91739559
1  -9.07085800  18.10378647   5.54347992
1   4.57335138  17.83562469   6.21187305
1  -9.61733627  15.92714500   8.62971592
1   1.67024136  19.23000908   3.87220168
1  -5.90911055  19.54292297   3.84654546
1   0.75098026  16.72593307   7.57733727
1  11.24218464  15.17471313   9.88354969
1  -2.62641144  17.86677933   5.83995152
1   7.64402914  16.03870010   8.57810879
1  -5.85719824  16.43755531   7.81553698
1 -10.74597168  13.72141552  11.62091255
1  -6.04282761  13.63541222  11.79573631
1   7.94410610  13.26301289  12.22552204
1  -2.70821023  15.07942104   9.93526077
1   3.99433684  14.78698730  10.04551888
1  -7.84550667  11.75438595  14.49078655
1   0.52822858  13.68300438  11.95212269
1   7.89268637  10.92548370  16.06917191
1  -2.85067749  12.09719849  13.95670319
1   4.36132526  12.18138123  13.90301704
1   0.50798345  10.92821980  15.58639431
1  -6.55783558   9.54876423  17.57505608
1   4.45139742   9.49103260  17.97442245
1  -2.64088058   9.31786060  17.99274826
1   1.00862908   8.42088509  19.33790398
1 -20.03586960  -3.43645239   2.87253475
1 -19.63591003   5.31827021   3.25068712
1 -19.05547333  -7.56228399   4.13065147
1 -17.63472557  -3.76150107   6.09766388
1 -17.33865166   5.04769039   6.61556005
1 -16.35032845  -8.04246998   7.96045589
1 -18.94111443   0.56657213   4.26188040
1 -16.01305199   9.40579987   8.44846535
1 -15.21278477 -11.28664684   9.69881535
1 -15.18769932  -4.63935566   9.60612679
1 -15.23173237   3.79268861   9.51914215
1 -13.86345482  11.08317661  11.42642403
1 -13.64881611  -8.02183533  11.91804123
1 -16.55331039  -0.27738586   7.61807060
1 -13.92905235   7.15645409  11.56233978
1 -12.41532421  -2.81985307  13.82845497
1 -11.95845699   9.40208340  14.57484245
1 -11.16396523  -6.50843763  15.15147686
1 -14.41396809  -0.71936387  10.81646442
1 -11.72437382   5.05690670  14.19623184
1  -9.98064995  -2.19019723  16.98097038
1 -12.18400383   1.11827314  13.66171932
1  -9.53900146   6.53779602  17.51670837
1  -9.19248581   2.43394613  18.07845116
1  -9.04571152  -6.08118677  18.42448807
1  20.08759117  -5.24045372   0.99618566
1  20.53583336   7.01907873   0.28001612
1  18.90317726  -0.80305338   2.11263871
1  19.45523834   3.14008904   1.62569427
1  17.78702164  -3.92904139   4.21159935
1  16.08386993  -0.60920244   6.02337599
1  17.60027122  -7.77009773   4.12859392
1  17.96947098   7.17429733   3.63369870
1  15.09967804  -3.92804790   7.64553261
1  16.11135292  10.86134338   6.21923542
1  14.66248417  -8.14654255   8.16441917
1  16.58344460   3.69515204   5.37962198
1  13.97244644  12.26368904   9.44216633
1  15.09894657   7.36193419   7.52899694
1  14.19154835 -12.07139301   9.39455223
1  14.38670635   3.57962465   8.78985500
1  13.40403461  -0.77231616  10.04662323
1  12.47438240   7.93708181  11.33600616
1  12.43300915  -9.12145805  11.39859009
1  10.17438889   7.92739105  14.46570873
1  10.79113483   0.21860389  13.84544086
1  12.10747051  -4.04360771  11.70457268
1  11.74246597   3.58178997  12.16524124
1   9.61333656  -3.51959586  15.38673306
1   7.83279848   6.59464216  17.84878731
1  10.53419113  -7.04749918  14.14732838
1   9.07112122   3.10657024  16.25040436
1   7.66511917  -1.15383911  18.09004211
1   7.88173723  -5.69609022  17.85020638
1   4.92149448 -19.52588463   1.28307509
1  -3.86476564 -19.38330841   1.66624761
1   0.58065677 -19.00332451   2.04961157
1  -8.04450607 -18.62504196   2.56143117
1   7.72509241 -17.77565002   3.90909576
1  -9.27062607 -16.50394440   5.64992857
1   3.43012643 -17.63170433   4.85290432
1  -5.06177807 -16.13508415   6.05705595
1  -0.68402743 -16.67078972   5.46323729
1   2.33817840 -14.75757790   8.06989861
1 -12.05869961 -14.76169777   8.06556320
1  -1.58667552 -14.65780735   8.70882988
1  -6.50927162 -13.83978748   9.32614422
1   6.55110550 -15.39315891   7.03570509
1  10.79827213 -14.09267426   9.11965370
1 -10.93262005 -12.68399811  11.18538189
1  -6.49877548 -11.41849422  12.91231632
1   6.39077902 -13.29476166  10.08916187
1   9.57861710 -12.06728554  12.32728672
1   1.09189260 -12.49230957  11.60156918
1  -2.63108730 -12.10291100  11.89191341
1   7.31561565  -9.35914612  16.04864883
1  -7.49910975  -9.26830482  15.99339008
1   0.71747720  -9.99425888  14.84321499
1  -3.01251745  -9.82807636  15.58383560
1   4.91055489 -10.94242954  13.47874260
1  -4.85996056  -7.58082390  18.39042854
1  -0.65917891  -7.82401657  17.90797615
1   3.55284238  -7.66541338  18.12978172
1   0.88320160   5.97730255 -20.34217644
1   4.97973204   6.66555643 -19.14197922
1  -3.61588383   6.56670666 -19.11896706
1   6.07117796   9.16593933 -15.54829693
1  -3.07384610   9.40994644 -15.36121082
1   0.83246577   8.06823444 -16.92211723
1  -6.87278748   9.38367462 -15.22594261
1   5.99540377  12.01698589 -11.76536083
1   2.30960107  10.50847626 -13.59533787
1   2.20443869  13.18197346  -9.77835560
1  -2.05351949  11.72592545 -11.76904392
1  10.13754940  10.57595634 -13.60733414
1  -7.75374603  11.96191120 -11.84294796
1  10.58011055  12.94209099 -10.27867699
1  -5.17344856  13.72207165  -8.89049149
1 -10.44623375  13.60914612  -9.36515808
1   6.51884604  14.28133011  -8.36794662
1  -1.94028163  14.96292973  -7.42286444
1  -9.67008495  16.07242203  -6.13432598
1   6.15612698  16.61228943  -4.92914963
1   2.10797071  15.70835876  -6.34875870
1  10.72493744  15.14514828  -7.05944824
1  -2.14110684  17.41287994  -3.81492043
1  -5.52714348  16.48337936  -5.30307245
1   7.02490091  19.49714279  -1.00922525
1  -0.57804215  19.54804993  -1.07751262
1   9.47931957  17.63896942  -3.44490385
1   2.23601151  18.08442497  -2.93232846
1  -5.09129477  19.55396843  -0.91625243
1  -8.91547298  18.14793968  -2.97596335
1  -5.89143276  -0.79542601 -20.38233376
1  -6.47640324   3.05565643 -19.36269188
1  -6.52406979  -4.62843513 -19.26084709
1  -7.91991043  -0.93721694 -17.16298294
1  -7.91414452   6.29453516 -17.69208717
1  -9.00889015   2.55289412 -15.72890759
1  -8.04492378  -7.66207266 -17.41493225
1 -10.70548153  -1.23159027 -13.30715179
1  -9.34581470  -4.48461485 -15.26189804
1 -13.54901218  -0.09854044  -9.76401901
1 -10.45273113  -7.83998060 -13.59357357
1 -10.30230808   6.55889273 -13.98774815
1 -11.98885822  -4.36938524 -11.42207336
1 -11.91687584   2.54920912 -11.97307301
1 -13.05401516  -8.08901691  -9.90635872
1 -12.58078766   6.60765457 -10.82491875
1 -15.35178566  -7.54475355  -6.88773680
1 -13.96625233 -12.09002686  -8.60513592
1 -13.63904285  11.14388180  -9.20844936
1 -14.62982655  -3.57070470  -7.65567589
1 -14.51875877   4.95276403  -8.05532742
1 -15.74541283   9.48353195  -6.27074432
1 -16.35260773 -11.04647923  -5.44665956
1 -16.75687408   5.18673897  -4.84129906
1 -18.18794441  -8.29543877  -2.95406508
1 -15.64477634   0.80942142  -6.48110628
1 -17.14162254  -3.63677907  -4.40099955
1 -19.41847610   5.30774498  -1.21320498
1 -18.14356232   9.07504749  -2.98069143
1 -17.85643196   1.88726091  -3.33203840
1 -19.14524651  -4.88770580  -1.34692121
1 -19.43192482  -1.09707010  -1.07584178
1   7.42334127  -0.69978249 -19.96378517
1   8.17375851  -4.78602123 -18.96008110
1   7.99371529   3.36120009 -19.15754318
1   9.78289223  -0.71567237 -16.81854820
1  10.79861259  -8.12168121 -15.31432724
1  10.73203850   3.47307205 -15.26580811
1  10.64688873  -4.26312256 -15.61715794
1  12.09545612   6.79252481 -13.56928730
1  12.19287109  -1.21886969 -13.43081474
1  13.11784554   2.28310704 -11.70550251
1  13.04205418  -6.53517962 -12.06664848
1  13.70977116  10.20534992 -11.30168343
1  14.49564171  -2.01257849  -9.96980667
1  14.52023983   6.31809330  -9.98912239
1  14.07727051 -10.71300602 -10.65646076
1  15.10394478  -6.25022173  -8.89290524
1  16.02382851  10.58028603  -7.87569904
1  17.83437538   0.84159619  -5.34453678
1  16.39014053  -9.99934864  -7.50205803
1  16.82862854   6.50461245  -6.56398869
1  16.83493423  -2.56447458  -6.88726187
1  15.44815922   2.31859446  -8.57903767
1  18.06782722  -6.47789574  -4.94644785
1  19.15255356  -3.13651872  -3.38264108
1  19.41593361   4.05362034  -3.11357188
1  19.05525017   7.94289160  -3.46067929
1   3.59478068  -7.54788065 -19.80128098
1  -0.21644926  -7.49819422 -21.31591034
1  -3.76720762  -7.95822573 -19.31539154
1   3.78319049 -10.34949017 -16.11903000
1   0.07428538  -9.30118275 -17.40596008
1  -0.75038630 -11.46930122 -14.23643589
1  -4.83802319 -10.21223831 -16.20094872
1   3.65648198 -12.61144257 -12.77205372
1  -4.62198257 -12.37886715 -13.07044029
1   7.75038576 -10.97323513 -14.97663498
1  -0.37895384 -13.76819992 -11.02109241
1  -4.04514742 -15.01328659  -9.47986126
1   7.82953310 -13.66127110 -11.21662807
1  -8.10403538 -13.44733047 -11.61244202
1   4.58571815 -14.99951935  -9.36388779
1  11.73172760 -14.57592392 -10.47438812
1  -7.40952158 -16.33250999  -7.52482414
1   9.10311413 -16.25137711  -7.45121002
1 -10.92305756 -15.08876610  -9.08920288
1   0.77902460 -16.13528252  -7.73852968
1  -7.45783663 -19.06003761  -3.95868754
1   4.91357183 -17.23509789  -6.21560574
1  -3.41207480 -17.40385246  -5.91759300
1   0.62051040 -18.46722412  -4.49786568
1   8.43192005 -18.80548859  -4.56304264
1  -3.48915219 -19.59547424  -2.73471522
1   4.75966072 -19.62708855  -2.82163572
