# typeid, x, y, z
0  -1.91587579  -3.36194515  -7.13684988
0   0.96784705  -3.36194515  -7.13684988
0   3.85156989  -3.36194515  -7.13684988
0  -1.91587579  -0.47822231  -7.13684988
0   0.96784705  -0.47822231  -7.13684988
0   3.85156989  -0.47822231  -7.13684988
0  -1.91587579   2.40550065  -7.13684988
0   0.96784705   2.40550065  -7.13684988
0   3.85156989   2.40550065  -7.13684988
0  -3.35773730  -4.80380678  -5.09775019
0  -0.47401437  -4.80380678  -5.09775019
0   2.40970850  -4.80380678  -5.09775019
0   5.29343128  -4.80380678  -5.09775019
0  -3.35773730  -1.92008376  -5.09775019
0   5.29343128  -1.92008376  -5.09775019
0  -3.35773730   0.96363914  -5.09775019
0   5.29343128   0.96363914  -5.09775019
0  -3.35773730   3.84736204  -5.09775019
0  -0.47401437   3.84736204  -5.09775019
0   2.40970850   3.84736204  -5.09775019
0   5.29343128   3.84736204  -5.09775019
0  -4.79959869  -6.24566793  -3.05865002
0  -1.91587579  -6.24566793  -3.05865002
0   0.96784705  -6.24566793  -3.05865002
0   3.85156989  -6.24566793  -3.05865002
0  -4.79959869  -3.36194515  -3.05865002
0   6.73529291  -3.36194515  -3.05865002
0  -4.79959869  -0.47822231  -3.05865002
0   6.73529291  -0.47822231  -3.05865002
0  -4.79959869   2.40550065  -3.05865002
0   6.73529291   2.40550065  -3.05865002
0  -4.79959869   5.28922319  -3.05865002
0  -1.91587579   5.28922319  -3.05865002
0   0.96784705   5.28922319  -3.05865002
0   3.85156989   5.28922319  -3.05865002
0  -3.35773730  -7.68752956  -1.01954997
0  -0.47401437  -7.68752956  -1.01954997
0   2.40970850  -7.68752956  -1.01954997
0  -6.24146032  -4.80380678  -1.01954997
0   5.29343128  -4.80380678  -1.01954997
0  -6.24146032  -1.92008376  -1.01954997
0   8.17715454  -1.92008376  -1.01954997
0  -6.24146032   0.96363914  -1.01954997
0   8.17715454   0.96363914  -1.01954997
0  -6.24146032   3.84736204  -1.01954997
0   5.29343128   3.84736204  -1.01954997
0  -3.35773730   6.73108482  -1.01954997
0  -0.47401437   6.73108482  -1.01954997
0   2.40970850   6.73108482  -1.01954997
0  -4.79959869  -6.24566793   1.01954997
0  -1.91587579  -6.24566793   1.01954997
0   0.96784705  -6.24566793   1.01954997
0   3.85156989  -6.24566793   1.01954997
0  -7.68332148  -3.36194515   1.01954997
0   6.73529291  -3.36194515   1.01954997
0  -7.68332148  -0.47822231   1.01954997
0   6.73529291  -0.47822231   1.01954997
0  -7.68332148   2.40550065   1.01954997
0   6.73529291   2.40550065   1.01954997
0  -4.79959869   5.28922319   1.01954997
0   3.85156989   5.28922319   1.01954997
0  -1.91587579   8.17294598   1.01954997
0   0.96784705   8.17294598   1.01954997
0  -6.24146032  -4.80380678   3.05865002
0  -3.35773730  -4.80380678   3.05865002
0  -0.47401437  -4.80380678   3.05865002
0   2.40970850  -4.80380678   3.05865002
0   5.29343128  -4.80380678   3.05865002
0  -6.24146032  -1.92008376   3.05865002
0   5.29343128  -1.92008376   3.05865002
0  -6.24146032   0.96363914   3.05865002
0   5.29343128   0.96363914   3.05865002
0  -6.24146032   3.84736204   3.05865002
0   5.29343128   3.84736204   3.05865002
0  -3.35773730   6.73108482   3.05865002
0  -0.47401437   6.73108482   3.05865002
0   2.40970850   6.73108482   3.05865002
0  -4.79959869  -3.36194515   5.09775019
0  -1.91587579  -3.36194515   5.09775019
0   0.96784705  -3.36194515   5.09775019
0   3.85156989  -3.36194515   5.09775019
0  -4.79959869  -0.47822231   5.09775019
0   3.85156989  -0.47822231   5.09775019
0  -4.79959869   2.40550065   5.09775019
0   3.85156989   2.40550065   5.09775019
0  -4.79959869   5.28922319   5.09775019
0  -1.91587579   5.28922319   5.09775019
0   0.96784705   5.28922319   5.09775019
0   3.85156989   5.28922319   5.09775019
0  -3.35773730  -1.92008376   7.13684988
0  -0.47401437  -1.92008376   7.13684988
0   2.40970850  -1.92008376   7.13684988
0  -3.35773730   0.96363914   7.13684988
0  -0.47401437   0.96363914   7.13684988
0   2.40970850   0.96363914   7.13684988
0  -3.35773730   3.84736204   7.13684988
0  -0.47401437   3.84736204   7.13684988
0   2.40970850   3.84736204   7.13684988
1   7.58968973   5.57699347  -4.21933937
1   8.36009884   3.84169436  -0.75648153
1   3.28485680   9.38475990   1.93484306
1   5.29759264   6.89448404  -1.03888261
1   5.68783474   6.64917278   3.03745294
1  -6.14178085  -8.10481167  -1.39249933
1  -7.96664143  -6.17859936   1.09317803
1  -6.48668146   7.47326660  -2.23963833
1  -4.83186626   8.37136364   1.08669686
1  -7.98897362   5.31925106   0.96209806
1  -6.80741358   7.01943016   4.21325731
1   7.88912535  -6.10065603  -4.47337770
1   8.49636841  -4.78964186  -0.84223372
1   5.31789732  -7.97814894  -0.95962107
1   8.01353836  -6.41367149   2.61527085
1  -3.02597499   3.07132745   9.98729324
1   1.35427916  -2.38841152   9.91168213
1   0.89965928   2.43090796   9.27796555
1  -2.05753183  -0.57852232   9.31336021
1  -1.91110873   1.32455671  -9.74236107
1  -0.30367327  -2.10597467  -9.35785484
1   2.33315086   1.22508574  -9.41568756
1   4.16871786  -2.24564385  -9.80054760
1  -3.04014611   9.44984150   4.14720964
1   0.85428649   8.41875935   4.99375105
1  -3.37690592   6.77917957   7.27671242
1   0.95078820   6.22184420   7.98693514
1  -8.89202023   2.67694068   3.70288801
1  -7.83336163  -3.48613214   5.02076721
1 -10.05492687  -1.67564178   2.10849881
1  -6.70631027   3.76759672   7.05455923
1  -6.01045895  -0.18518959   7.59442997
1   8.82634926  -1.95950675   2.33544660
1   6.52619028  -4.43318224   5.78559256
1   7.97683191   2.84990358   3.50372815
1   5.42773247   3.80374622   7.03235102
1   6.87166548  -0.44651282   5.31648397
1   4.49106646  -0.59255558   8.51969910
1   1.02753901  -9.20294380   1.03503668
1  -3.31317639  -8.79724216   1.89753211
1  -0.53157860  -7.24519014   4.60378885
1   3.89361954  -7.28333378   3.67195916
1  -4.63344812  -6.33367157   5.14707375
1   2.50434017  -5.04978418   7.10479498
1  -1.48881519  -4.60883379   7.63000107
1   2.59654665   4.97048998  -7.91360426
1  -1.36044014   5.07032967  -8.13357544
1  -0.18550141   7.01345396  -4.94983959
1   3.93395376   7.26971579  -5.08713198
1  -3.90567303   6.61968470  -5.43617487
1   1.80791891   9.39398289  -1.84935522
1  -2.19209790   8.95848370  -2.22029161
1  -4.41562033  -2.20943260  -7.79313469
1  -4.92921591   2.31590748  -7.16426468
1  -6.37861919  -4.77210617  -4.93529415
1  -7.25651455  -0.55862200  -4.33264160
1  -7.36432123   3.77494526  -3.81630564
1  -8.77281284  -3.27979875  -1.74991918
1  -9.12856770   1.12177646  -1.07724082
1   6.67579222   3.39298105  -7.60639143
1   6.84522820  -0.44407296  -7.15183401
1   6.66074276  -4.21899986  -7.66447639
1   9.18182850   1.55724764  -4.24124384
1   9.18364620  -2.32417369  -3.93077826
1  -2.58831882  -5.95412779  -8.12687969
1   2.21102715  -5.51189852  -8.60013103
1  -0.03412862  -7.80490303  -5.16727304
1   4.14387655  -7.51278543  -5.67735481
1  -3.88101101  -8.09560680  -4.98193169
1   2.21669364  -9.95020962  -2.99825382
1  -1.94813395 -10.10092163  -2.08535695
