# typeid, x, y, z
0  -0.74149066  -2.14268517  -8.92120075
0   2.14223218  -2.14268517  -8.92120075
0  -0.74149066   0.74103773  -8.92120075
0   2.14223218   0.74103773  -8.92120075
0  -2.18335199  -3.58454657  -6.88210058
0   0.70037079  -3.58454657  -6.88210058
0   3.58409357  -3.58454657  -6.88210058
0  -2.18335199  -0.70082372  -6.88210058
0   3.58409357  -0.70082372  -6.88210058
0  -2.18335199   2.18289924  -6.88210058
0   0.70037079   2.18289924  -6.88210058
0   3.58409357   2.18289924  -6.88210058
0  -3.62521362  -5.02640820  -4.84300089
0  -0.74149066  -5.02640820  -4.84300089
0   2.14223218  -5.02640820  -4.84300089
0   5.02595520  -5.02640820  -4.84300089
0  -3.62521362  -2.14268517  -4.84300089
0   5.02595520  -2.14268517  -4.84300089
0  -3.62521362   0.74103773  -4.84300089
0   5.02595520   0.74103773  -4.84300089
0  -3.62521362   3.62476063  -4.84300089
0  -0.74149066   3.62476063  -4.84300089
0   2.14223218   3.62476063  -4.84300089
0   5.02595520   3.62476063  -4.84300089
0  -5.06707478  -6.46826935  -2.80390072
0  -2.18335199  -6.46826935  -2.80390072
0   0.70037079  -6.46826935  -2.80390072
0   3.58409357  -6.46826935  -2.80390072
0  -5.06707478  -3.58454657  -2.80390072
0   6.46781635  -3.58454657  -2.80390072
0  -5.06707478  -0.70082372  -2.80390072
0   6.46781635  -0.70082372  -2.80390072
0  -5.06707478   2.18289924  -2.80390072
0   6.46781635   2.18289924  -2.80390072
0  -5.06707478   5.06662178  -2.80390072
0  -2.18335199   5.06662178  -2.80390072
0   0.70037079   5.06662178  -2.80390072
0   3.58409357   5.06662178  -2.80390072
0   6.46781635   5.06662178  -2.80390072
0  -3.62521362  -7.91013098  -0.76480067
0  -0.74149066  -7.91013098  -0.76480067
0   2.14223218  -7.91013098  -0.76480067
0  -6.50893641  -5.02640820  -0.76480067
0   5.02595520  -5.02640820  -0.76480067
0  -6.50893641  -2.14268517  -0.76480067
0   7.90967798  -2.14268517  -0.76480067
0  -6.50893641   0.74103773  -0.76480067
0   7.90967798   0.74103773  -0.76480067
0  -6.50893641   3.62476063  -0.76480067
0   7.90967798   3.62476063  -0.76480067
0  -3.62521362   6.50848341  -0.76480067
0  -0.74149066   6.50848341  -0.76480067
0   2.14223218   6.50848341  -0.76480067
0   5.02595520   6.50848341  -0.76480067
0  -5.06707478  -6.46826935   1.27429938
0  -2.18335199  -6.46826935   1.27429938
0   0.70037079  -6.46826935   1.27429938
0   3.58409357  -6.46826935   1.27429938
0  -7.95079803  -3.58454657   1.27429938
0   6.46781635  -3.58454657   1.27429938
0  -7.95079803  -0.70082372   1.27429938
0   6.46781635  -0.70082372   1.27429938
0  -7.95079803   2.18289924   1.27429938
0   6.46781635   2.18289924   1.27429938
0  -5.06707478   5.06662178   1.27429938
0   6.46781635   5.06662178   1.27429938
0  -2.18335199   7.95034504   1.27429938
0   0.70037079   7.95034504   1.27429938
0   3.58409357   7.95034504   1.27429938
0  -6.50893641  -5.02640820   3.31339931
0  -3.62521362  -5.02640820   3.31339931
0  -0.74149066  -5.02640820   3.31339931
0   2.14223218  -5.02640820   3.31339931
0   5.02595520  -5.02640820   3.31339931
0  -6.50893641  -2.14268517   3.31339931
0   5.02595520  -2.14268517   3.31339931
0  -6.50893641   0.74103773   3.31339931
0   5.02595520   0.74103773   3.31339931
0  -6.50893641   3.62476063   3.31339931
0   5.02595520   3.62476063   3.31339931
0  -3.62521362   6.50848341   3.31339931
0  -0.74149066   6.50848341   3.31339931
0   2.14223218   6.50848341   3.31339931
0   5.02595520   6.50848341   3.31339931
0  -5.06707478  -3.58454657   5.35249949
0  -2.18335199  -3.58454657   5.35249949
0   0.70037079  -3.58454657   5.35249949
0   3.58409357  -3.58454657   5.35249949
0  -5.06707478  -0.70082372   5.35249949
0   3.58409357  -0.70082372   5.35249949
0  -5.06707478   2.18289924   5.35249949
0   3.58409357   2.18289924   5.35249949
0  -5.06707478   5.06662178   5.35249949
0  -2.18335199   5.06662178   5.35249949
0   0.70037079   5.06662178   5.35249949
0   3.58409357   5.06662178   5.35249949
0  -3.62521362  -2.14268517   7.39159918
0  -0.74149066  -2.14268517   7.39159918
0   2.14223218  -2.14268517   7.39159918
0  -3.62521362   0.74103773   7.39159918
0  -0.74149066   0.74103773   7.39159918
0   2.14223218   0.74103773   7.39159918
0  -3.62521362   3.62476063   7.39159918
0  -0.74149066   3.62476063   7.39159918
0   2.14223218   3.62476063   7.39159918
1   8.32180214   6.43230057  -1.18878198
1   6.55395794   8.31155300   1.51990795
1  -6.63354540  -7.98813295  -0.81151587
1  -8.90128040  -6.30656195   2.07085347
1  -6.86386633   6.55319929  -1.09552383
1  -9.41463375   4.73203421   1.11212265
1  -4.77245712   9.14679623   0.66049677
1  -6.60047483   6.58507681   3.18454266
1   6.51958561  -6.60866880  -2.85496640
1   4.41443110  -9.62653065  -0.11296383
1   9.68313217  -4.42449427  -0.23202354
1   6.56558704  -6.41158247   1.36867166
1  -3.82264376   2.31977320   9.89800358
1   0.66150522   2.31251931   9.52922344
1  -2.10108948  -1.08313799   9.70596027
1   2.14412618  -1.31321597  10.05762577
1   0.86799163  -0.71066278 -11.04789829
1  -1.75621188  10.15756893   3.09432387
1   2.26465702  10.40268803   2.29770041
1   0.71426731   8.00438213   5.42076826
1   4.60376453   8.76877022   5.08596802
1  -3.37745976   7.68976784   6.03497219
1   2.77328014   6.27210093   8.10845184
1  -1.82386351   5.68610620   8.97038174
1  -7.65973711   3.71444154   5.88137388
1  -8.10760784  -3.40005374   5.28753757
1  -9.36580563   1.01929033   3.66846418
1  -6.52021551   0.19209149   7.53602886
1   9.43814945  -0.54245174   1.34556043
1   7.53622532  -3.35770535   4.03585529
1   8.85225201   3.64062428   2.25035310
1   6.55659485   5.09803963   5.44301081
1   7.39910221   0.78134227   4.99690628
1   4.54112673   2.06554198   8.26699829
1   5.19550419  -1.90278947   7.32394838
1   0.55985814  -9.34099960   1.37773311
1   3.30671954  -7.61716461   3.92170835
1  -0.51645643  -7.35339546   4.88048697
1  -3.78898215  -8.80358696   2.39411187
1   1.94387996  -5.03409004   7.58888006
1  -5.02363873  -6.54797506   5.37943506
1  -2.10805607  -4.68639803   8.00711155
1  -1.76613426   3.33114147  -9.67819500
1  -2.02574682   5.60921860  -6.37881231
1   2.03312039   4.63534927  -7.69172716
1  -3.42024660   7.75497913  -3.29159498
1   1.37244856   7.25411510  -4.57293367
1   5.16347218   6.51581335  -4.88643646
1   3.51003218   8.98091125  -1.68321359
1  -0.57051849   9.40214920  -0.91651082
1  -3.08261776  -0.56982929  -9.90911484
1  -5.19639874   2.04898429  -6.94885111
1  -5.34989071  -2.07421303  -7.17948914
1  -7.68353271  -1.07615209  -3.82777596
1  -7.65450525   3.22722530  -3.41657972
1  -6.65660810  -5.08750963  -4.88294935
1  -9.01029396  -3.90197253  -1.47351789
1  -9.68932438   0.64431202  -0.90184361
1   4.70365715  -0.89569086  -9.65703773
1   6.12727833   3.41918278  -7.79217815
1   6.29020643  -4.43344307  -7.50179482
1   7.08873892  -0.70102829  -6.11774492
1   8.95429993  -4.08143377  -4.22620535
1   8.35329342   3.71688008  -4.62835455
1   9.60362244  -0.61651111  -2.68874931
1  -0.83646411  -4.34405088 -10.79466534
1   3.01232076  -4.98132277  -9.70050716
1   0.49359319  -6.45395565  -6.92258978
1  -3.64108753  -8.24783421  -4.55787468
1   3.58447623  -7.52633190  -5.34628963
1   0.58509946  -9.31788445  -3.08206010
