# typeid, x, y, z
0  -4.57465792  -3.56521034  -6.83342409
0  -1.69093502  -3.56521034  -6.83342409
0   1.19278789  -3.56521034  -6.83342409
0   4.07651091  -3.56521034  -6.83342409
0  -4.57465792  -0.68148744  -6.83342409
0  -1.69093502  -0.68148744  -6.83342409
0   1.19278789  -0.68148744  -6.83342409
0   4.07651091  -0.68148744  -6.83342409
0  -4.57465792   2.20223546  -6.83342409
0  -1.69093502   2.20223546  -6.83342409
0   1.19278789   2.20223546  -6.83342409
0   4.07651091   2.20223546  -6.83342409
0  -6.01651907  -5.00707197  -4.79432392
0  -3.13279653  -5.00707197  -4.79432392
0  -0.24907355  -5.00707197  -4.79432392
0   2.63464928  -5.00707197  -4.79432392
0   5.51837206  -5.00707197  -4.79432392
0  -6.01651907  -2.12334895  -4.79432392
0   5.51837206  -2.12334895  -4.79432392
0  -6.01651907   0.76037401  -4.79432392
0   5.51837206   0.76037401  -4.79432392
0  -6.01651907   3.64409685  -4.79432392
0  -3.13279653   3.64409685  -4.79432392
0  -0.24907355   3.64409685  -4.79432392
0   2.63464928   3.64409685  -4.79432392
0   5.51837206   3.64409685  -4.79432392
0  -4.57465792  -6.44893312  -2.75522423
0  -1.69093502  -6.44893312  -2.75522423
0   1.19278789  -6.44893312  -2.75522423
0   4.07651091  -6.44893312  -2.75522423
0  -7.45838070  -3.56521034  -2.75522423
0   6.96023369  -3.56521034  -2.75522423
0  -7.45838070  -0.68148744  -2.75522423
0   6.96023369  -0.68148744  -2.75522423
0  -7.45838070   2.20223546  -2.75522423
0   6.96023369   2.20223546  -2.75522423
0  -4.57465792   5.08595848  -2.75522423
0  -1.69093502   5.08595848  -2.75522423
0   1.19278789   5.08595848  -2.75522423
0   4.07651091   5.08595848  -2.75522423
0   6.96023369   5.08595848  -2.75522423
0  -3.13279653  -7.89079475  -0.71612412
0  -0.24907355  -7.89079475  -0.71612412
0   2.63464928  -7.89079475  -0.71612412
0  -6.01651907  -5.00707197  -0.71612412
0   5.51837206  -5.00707197  -0.71612412
0  -8.90024185  -2.12334895  -0.71612412
0   8.40209484  -2.12334895  -0.71612412
0  -8.90024185   0.76037401  -0.71612412
0   8.40209484   0.76037401  -0.71612412
0  -6.01651907   3.64409685  -0.71612412
0   8.40209484   3.64409685  -0.71612412
0  -3.13279653   6.52781963  -0.71612412
0  -0.24907355   6.52781963  -0.71612412
0   2.63464928   6.52781963  -0.71612412
0   5.51837206   6.52781963  -0.71612412
0  -4.57465792  -6.44893312   1.32297587
0  -1.69093502  -6.44893312   1.32297587
0   1.19278789  -6.44893312   1.32297587
0   4.07651091  -6.44893312   1.32297587
0  -7.45838070  -3.56521034   1.32297587
0   6.96023369  -3.56521034   1.32297587
0  -7.45838070  -0.68148744   1.32297587
0   6.96023369  -0.68148744   1.32297587
0  -7.45838070   2.20223546   1.32297587
0   6.96023369   2.20223546   1.32297587
0  -4.57465792   5.08595848   1.32297587
0   6.96023369   5.08595848   1.32297587
0  -1.69093502   7.96968126   1.32297587
0   1.19278789   7.96968126   1.32297587
0   4.07651091   7.96968126   1.32297587
0  -6.01651907  -5.00707197   3.36207581
0  -3.13279653  -5.00707197   3.36207581
0  -0.24907355  -5.00707197   3.36207581
0   2.63464928  -5.00707197   3.36207581
0   5.51837206  -5.00707197   3.36207581
0  -6.01651907  -2.12334895   3.36207581
0   5.51837206  -2.12334895   3.36207581
0  -6.01651907   0.76037401   3.36207581
0   5.51837206   0.76037401   3.36207581
0  -6.01651907   3.64409685   3.36207581
0   5.51837206   3.64409685   3.36207581
0  -3.13279653   6.52781963   3.36207581
0  -0.24907355   6.52781963   3.36207581
0   2.63464928   6.52781963   3.36207581
0   5.51837206   6.52781963   3.36207581
0  -4.57465792  -3.56521034   5.40117598
0  -1.69093502  -3.56521034   5.40117598
0   1.19278789  -3.56521034   5.40117598
0   4.07651091  -3.56521034   5.40117598
0  -4.57465792  -0.68148744   5.40117598
0   4.07651091  -0.68148744   5.40117598
0  -4.57465792   2.20223546   5.40117598
0   4.07651091   2.20223546   5.40117598
0  -4.57465792   5.08595848   5.40117598
0  -1.69093502   5.08595848   5.40117598
0   1.19278789   5.08595848   5.40117598
0   4.07651091   5.08595848   5.40117598
0  -3.13279653  -2.12334895   7.44027567
0  -0.24907355  -2.12334895   7.44027567
0   2.63464928  -2.12334895   7.44027567
0  -3.13279653   0.76037401   7.44027567
0  -0.24907355   0.76037401   7.44027567
0   2.63464928   0.76037401   7.44027567
0  -3.13279653   3.64409685   7.44027567
0  -0.24907355   3.64409685   7.44027567
0   2.63464928   3.64409685   7.44027567
1   9.17482281   6.44896936  -1.19447923
1   7.27633762   8.09068394   1.75997317
1  -8.22815514  -6.94893312  -4.38702822
1  -6.13460970  -7.95561647  -0.66386062
1  -8.99653625  -5.10437202  -0.86190802
1  -8.36575222  -6.73475170   2.67820764
1  -8.39581108   5.12042379  -4.28073215
1  -9.04970074   3.72276855  -0.52692264
1  -3.99297857   9.64315128   1.05848801
1  -6.21753931   6.47289038  -0.63818163
1  -6.24302387   6.60474014   3.42313528
1   6.63487244  -7.55627155  -4.26873255
1   8.61049366  -5.02695894  -1.05943239
1   5.53293276  -8.10086155  -0.51411784
1   7.85242987  -6.49765444   2.41415071
1  -2.02649474   2.19936466   9.63588715
1   1.43343759  -0.67101192   9.53703308
1   1.55105364   3.29971671  10.10969353
1  -2.50130010  -1.58540595  10.22262764
1  -0.39884913   0.76515275  -8.99184322
1   3.31203628   1.34254777  -9.56422710
1  -3.13492680  -2.29315495  -9.02518082
1   2.80309248  -2.32899594  -9.08939362
1  -4.30898380   1.57816744  -9.66697311
1  -0.45524549   9.91175842   3.05848265
1   3.98587871   9.01084518   4.20190763
1   0.70861423   7.82233858   5.99580765
1  -3.32031322   7.84321451   6.02781773
1  -1.56868911   5.92288065   8.62149143
1   3.66981077   6.14915800   8.23879242
1 -10.05102730  -2.69486165   2.30260682
1  -7.61316347  -3.21275520   5.39918423
1  -8.93716526   1.05630517   3.55722380
1  -6.95715189   3.59804320   6.21687937
1  -5.85123682   0.08446843   7.89431810
1  10.08308506  -0.60554540   1.38238180
1   9.23471260   3.65453291   2.40587187
1   8.29290295  -2.75309348   3.73751807
1   7.10526848   5.15655422   5.38252068
1   7.77565479   0.78778434   5.11030197
1   5.48830223  -1.96298778   7.42638922
1   5.10818958   2.23927975   8.11794472
1   0.95178103  -9.51305866   1.24121654
1  -3.00461388  -8.80341434   2.28691006
1   3.82033539  -7.61786175   3.83260965
1  -4.63154650  -6.50672913   5.41909981
1  -0.29351982  -7.34126997   5.08962011
1   2.64049268  -5.06095982   7.58509159
1  -1.27652001  -4.71603584   8.05331516
1  -1.22805238   4.53569221  -8.59797955
1   2.66680074   4.96183348  -7.27495956
1  -0.71566170   6.55844545  -5.07508373
1  -4.75362110   5.12137461  -6.84009981
1  -3.89770794   7.95239210  -3.28870630
1   2.66674376   7.67864370  -3.42823935
1   6.31768990   6.44576025  -5.10806608
1  -0.54486102   9.43143272  -1.00019622
1   6.12548923   9.11655521  -1.84077203
1  -6.88874912  -1.99075103  -7.79488325
1  -7.51667881   2.03132892  -7.02433300
1  -9.07668400  -2.36682630  -4.71920061
1  -9.95197105   1.20686185  -3.56553864
1   6.48841238  -3.87152028  -8.61289978
1   6.96510172  -0.09918563  -7.18590307
1   8.10124207  -3.36415863  -5.38846254
1   8.83822060   3.44366860  -4.54782104
1   9.93708324  -0.80915576  -2.96895099
1  -0.04452593  -5.39336824  -8.68108654
1  -4.64673948  -6.44485521  -7.14091253
1   3.58930492  -6.41478205  -7.02808142
1  -0.35306785  -7.88307953  -4.98608923
1  -4.25882149  -9.00532532  -4.37616158
1  -1.54961729 -10.11240673  -1.86136425
1   3.08650446  -9.13872433  -3.45490265
