# typeid, x, y, z
0  -1.89582539  -1.44493377  -9.59474087
0   0.98789746  -1.44493377  -9.59474087
0   3.87162042  -1.44493377  -9.59474087
0  -1.89582539   1.43878901  -9.59474087
0   0.98789746   1.43878901  -9.59474087
0   3.87162042   1.43878901  -9.59474087
0  -3.33768678  -2.88679528  -7.55564070
0  -0.45396397  -2.88679528  -7.55564070
0   2.42975903  -2.88679528  -7.55564070
0   5.31348181  -2.88679528  -7.55564070
0  -3.33768678  -0.00307239  -7.55564070
0   5.31348181  -0.00307239  -7.55564070
0  -3.33768678   2.88065052  -7.55564070
0  -0.45396397   2.88065052  -7.55564070
0   2.42975903   2.88065052  -7.55564070
0   5.31348181   2.88065052  -7.55564070
0  -4.77954817  -4.32865667  -5.51654053
0  -1.89582539  -4.32865667  -5.51654053
0   0.98789746  -4.32865667  -5.51654053
0   3.87162042  -4.32865667  -5.51654053
0   6.75534344  -4.32865667  -5.51654053
0  -4.77954817  -1.44493377  -5.51654053
0   6.75534344  -1.44493377  -5.51654053
0  -4.77954817   1.43878901  -5.51654053
0   6.75534344   1.43878901  -5.51654053
0  -4.77954817   4.32251215  -5.51654053
0  -1.89582539   4.32251215  -5.51654053
0   0.98789746   4.32251215  -5.51654053
0   3.87162042   4.32251215  -5.51654053
0   6.75534344   4.32251215  -5.51654053
0  -6.22140980  -5.77051830  -3.47744083
0  -3.33768678  -5.77051830  -3.47744083
0  -0.45396397  -5.77051830  -3.47744083
0   2.42975903  -5.77051830  -3.47744083
0   5.31348181  -5.77051830  -3.47744083
0  -6.22140980  -2.88679528  -3.47744083
0   8.19720459  -2.88679528  -3.47744083
0  -6.22140980  -0.00307239  -3.47744083
0   8.19720459  -0.00307239  -3.47744083
0  -6.22140980   2.88065052  -3.47744083
0   8.19720459   2.88065052  -3.47744083
0  -6.22140980   5.76437330  -3.47744083
0  -3.33768678   5.76437330  -3.47744083
0  -0.45396397   5.76437330  -3.47744083
0   2.42975903   5.76437330  -3.47744083
0   5.31348181   5.76437330  -3.47744083
0  -4.77954817  -7.21237946  -1.43834078
0  -1.89582539  -7.21237946  -1.43834078
0   0.98789746  -7.21237946  -1.43834078
0   3.87162042  -7.21237946  -1.43834078
0  -7.66327095  -4.32865667  -1.43834078
0   6.75534344  -4.32865667  -1.43834078
0  -7.66327095  -1.44493377  -1.43834078
0   9.63906574  -1.44493377  -1.43834078
0  -7.66327095   1.43878901  -1.43834078
0   9.63906574   1.43878901  -1.43834078
0  -7.66327095   4.32251215  -1.43834078
0   6.75534344   4.32251215  -1.43834078
0  -4.77954817   7.20623493  -1.43834078
0  -1.89582539   7.20623493  -1.43834078
0   0.98789746   7.20623493  -1.43834078
0   3.87162042   7.20623493  -1.43834078
0  -3.33768678  -8.65424061   0.60075927
0  -0.45396397  -8.65424061   0.60075927
0   2.42975903  -8.65424061   0.60075927
0  -6.22140980  -5.77051830   0.60075927
0   5.31348181  -5.77051830   0.60075927
0  -9.10513306  -2.88679528   0.60075927
0   8.19720459  -2.88679528   0.60075927
0  -9.10513306  -0.00307239   0.60075927
0   8.19720459  -0.00307239   0.60075927
0  -9.10513306   2.88065052   0.60075927
0   8.19720459   2.88065052   0.60075927
0  -6.22140980   5.76437330   0.60075927
0   5.31348181   5.76437330   0.60075927
0  -3.33768678   8.64809608   0.60075927
0  -0.45396397   8.64809608   0.60075927
0   2.42975903   8.64809608   0.60075927
0  -4.77954817  -7.21237946   2.63985920
0  -1.89582539  -7.21237946   2.63985920
0   0.98789746  -7.21237946   2.63985920
0   3.87162042  -7.21237946   2.63985920
0  -7.66327095  -4.32865667   2.63985920
0   6.75534344  -4.32865667   2.63985920
0  -7.66327095  -1.44493377   2.63985920
0   6.75534344  -1.44493377   2.63985920
0  -7.66327095   1.43878901   2.63985920
0   6.75534344   1.43878901   2.63985920
0  -7.66327095   4.32251215   2.63985920
0   6.75534344   4.32251215   2.63985920
0  -4.77954817   7.20623493   2.63985920
0  -1.89582539   7.20623493   2.63985920
0   0.98789746   7.20623493   2.63985920
0   3.87162042   7.20623493   2.63985920
0  -6.22140980  -5.77051830   4.67895937
0  -3.33768678  -5.77051830   4.67895937
0  -0.45396397  -5.77051830   4.67895937
0   2.42975903  -5.77051830   4.67895937
0   5.31348181  -5.77051830   4.67895937
0  -6.22140980  -2.88679528   4.67895937
0   5.31348181  -2.88679528   4.67895937
0  -6.22140980  -0.00307239   4.67895937
0   5.31348181  -0.00307239   4.67895937
0  -6.22140980   2.88065052   4.67895937
0   5.31348181   2.88065052   4.67895937
0  -6.22140980   5.76437330   4.67895937
0  -3.33768678   5.76437330   4.67895937
0  -0.45396397   5.76437330   4.67895937
0   2.42975903   5.76437330   4.67895937
0   5.31348181   5.76437330   4.67895937
0  -4.77954817  -4.32865667   6.71805906
0  -1.89582539  -4.32865667   6.71805906
0   0.98789746  -4.32865667   6.71805906
0   3.87162042  -4.32865667   6.71805906
0  -4.77954817  -1.44493377   6.71805906
0   3.87162042  -1.44493377   6.71805906
0  -4.77954817   1.43878901   6.71805906
0   3.87162042   1.43878901   6.71805906
0  -4.77954817   4.32251215   6.71805906
0  -1.89582539   4.32251215   6.71805906
0   0.98789746   4.32251215   6.71805906
0   3.87162042   4.32251215   6.71805906
0  -3.33768678  -2.88679528   8.75715923
0  -0.45396397  -2.88679528   8.75715923
0   2.42975903  -2.88679528   8.75715923
0  -3.33768678  -0.00307239   8.75715923
0  -0.45396397  -0.00307239   8.75715923
0   2.42975903  -0.00307239   8.75715923
0  -3.33768678   2.88065052   8.75715923
0  -0.45396397   2.88065052   8.75715923
0   2.42975903   2.88065052   8.75715923
1   8.32221889   5.76937580  -3.50601029
1   5.43686628   8.80225182   0.33825487
1  11.45526409   4.05712938  -0.98458153
1   8.37165546   5.88545465   0.94891566
1   6.23960495   8.59524345   3.99553776
1  -7.92452002  -8.07491589  -3.03723717
1  -6.26962090  -8.70667648   0.54214120
1  -9.28713322  -5.92640114   0.56479007
1  -7.71385479  -8.07958794   4.10066319
1  -8.42528248   7.36760473  -2.53563929
1  -9.41706085   5.75871611   0.74549180
1  -6.23138523   8.85379791   0.48817903
1  -8.68509102   7.34797430   4.28301382
1   8.40703487  -5.89236879  -3.99148130
1   6.62424231  -7.74925137  -1.16589057
1   9.46268559  -5.26364803  -0.17947401
1   4.80687380 -10.07076550   1.76129639
1   6.89906883  -7.17584848   2.76704812
1  -2.18986201  -1.45218742  10.95241356
1  -2.31395674   3.13246846  11.36220360
1   1.92286599  -2.33729553  11.58219147
1   1.10040605   1.49306178  10.94643593
1   3.73601699  -0.21924922 -12.23189735
1  -0.35565272   0.10443787 -11.90217018
1  -2.11361527  10.29542828   2.64616776
1   2.09922266   9.79021358   3.34283400
1  -4.88381767   8.29189968   5.34772062
1   3.60491085   7.43891907   6.74309969
1  -0.89080226   8.26926136   5.82566643
1  -3.24694347   5.90389347   8.68638134
1   0.73879117   5.45199108   9.32914162
1  -9.57200909   2.74918771   4.28615761
1  -8.59915829  -4.41763783   5.58724356
1 -10.57191372  -1.78412652   3.09221339
1  -7.51257753   4.41772509   7.09963608
1  -6.12496901  -3.03959322   8.90912819
1  -8.15869713  -0.46433499   6.72101212
1  -5.92374563   1.35171950   9.63727093
1  11.60667801   0.15849073   0.11232441
1   9.60746956  -1.68524218   2.82623935
1   9.17674351   2.76513767   3.17292929
1   7.92195702  -4.18211603   5.33358955
1   7.72200298   0.18559983   6.16593981
1   7.01165581   4.37331390   6.56376553
1   5.49110508  -2.84999275   8.62194633
1   4.99188900   1.06833577   9.35127640
1   0.87949759 -10.14781857   2.92756009
1   3.39157987  -8.28871632   5.40119934
1  -4.72970057  -7.24525785   6.69876194
1  -0.73045868  -7.95169783   6.58860254
1  -3.32381940  -9.59150124   3.46102571
1   2.17254925  -5.84422016   8.91081142
1  -1.94548512  -5.31333256   9.53695488
1   2.33806896   3.93548656 -10.39307880
1  -1.84590971   4.17769480  -9.92659473
1   1.25472772   6.33545399  -7.51760292
1  -3.49043369   6.28124428  -7.12531662
1   5.31660986   5.72815704  -7.67461157
1  -0.75315255   8.40266228  -4.38824511
1   3.91119790   8.15383720  -4.41633415
1  -4.95046902   8.55117702  -3.92698789
1   1.59089756  10.24503708  -1.60752308
1  -2.31961823  10.33671188  -1.40458214
1  -4.36863756  -0.12557518 -10.38010025
1  -6.33994293  -2.68592930  -7.57161522
1  -6.10425997   2.22596478  -7.94219303
1  -8.33527088   0.42508057  -5.36806393
1  -7.78285837   4.58969784  -5.56948471
1  -8.72285271  -4.19161415  -4.31703568
1 -10.02267551   2.89800572  -2.58543515
1 -10.45627403  -1.68393493  -1.65456152
1   6.70786619  -1.64947951  -9.80678844
1   8.34704971   1.39959192  -7.94021559
1   9.28944206  -2.59408736  -6.23733854
1  10.71139908   1.40001988  -4.21757746
1  -0.37383834  -3.85049033 -10.62677288
1   3.67254019  -4.38722658  -9.76359463
1  -0.22977772  -6.07951403  -7.32486105
1   6.66938162  -5.64187241  -8.02680683
1  -3.82672644  -5.29380989  -9.07675552
1   3.76131463  -7.34816170  -5.56742382
1  -4.60026026  -7.30925179  -5.50676537
1   2.79997969  -9.80077076  -2.09687185
1  -4.06820679  -9.91474819  -2.25131416
1  -0.62532759  -8.58868027  -3.69176388
1  -0.73136210 -11.31254292  -0.54593199
