# typeid, x, y, z
0  -2.32591748  -1.44115222  -9.57179356
0   0.55780530  -1.44115222  -9.57179356
0   3.44152808  -1.44115222  -9.57179356
0  -2.32591748   1.44257069  -9.57179356
0   0.55780530   1.44257069  -9.57179356
0   3.44152808   1.44257069  -9.57179356
0  -3.76777911  -2.88301373  -7.53269386
0  -0.88405615  -2.88301373  -7.53269386
0   1.99966669  -2.88301373  -7.53269386
0   4.88338947  -2.88301373  -7.53269386
0  -3.76777911   0.00070924  -7.53269386
0   4.88338947   0.00070924  -7.53269386
0  -3.76777911   2.88443208  -7.53269386
0  -0.88405615   2.88443208  -7.53269386
0   1.99966669   2.88443208  -7.53269386
0   4.88338947   2.88443208  -7.53269386
0  -5.20964050  -4.32487488  -5.49359369
0  -2.32591748  -4.32487488  -5.49359369
0   0.55780530  -4.32487488  -5.49359369
0   3.44152808  -4.32487488  -5.49359369
0   6.32525110  -4.32487488  -5.49359369
0  -5.20964050  -1.44115222  -5.49359369
0   6.32525110  -1.44115222  -5.49359369
0  -5.20964050   1.44257069  -5.49359369
0   6.32525110   1.44257069  -5.49359369
0  -5.20964050   4.32629347  -5.49359369
0  -2.32591748   4.32629347  -5.49359369
0   0.55780530   4.32629347  -5.49359369
0   3.44152808   4.32629347  -5.49359369
0   6.32525110   4.32629347  -5.49359369
0  -6.65150166  -5.76673651  -3.45449400
0  -3.76777911  -5.76673651  -3.45449400
0  -0.88405615  -5.76673651  -3.45449400
0   1.99966669  -5.76673651  -3.45449400
0   4.88338947  -5.76673651  -3.45449400
0   7.76711226  -5.76673651  -3.45449400
0  -6.65150166  -2.88301373  -3.45449400
0   7.76711226  -2.88301373  -3.45449400
0  -6.65150166   0.00070924  -3.45449400
0   7.76711226   0.00070924  -3.45449400
0  -6.65150166   2.88443208  -3.45449400
0   7.76711226   2.88443208  -3.45449400
0  -6.65150166   5.76815510  -3.45449400
0  -3.76777911   5.76815510  -3.45449400
0  -0.88405615   5.76815510  -3.45449400
0   1.99966669   5.76815510  -3.45449400
0   4.88338947   5.76815510  -3.45449400
0   7.76711226   5.76815510  -3.45449400
0  -5.20964050  -7.20859814  -1.41539395
0  -2.32591748  -7.20859814  -1.41539395
0   0.55780530  -7.20859814  -1.41539395
0   3.44152808  -7.20859814  -1.41539395
0   6.32525110  -7.20859814  -1.41539395
0  -8.09336376  -4.32487488  -1.41539395
0   9.20897388  -4.32487488  -1.41539395
0  -8.09336376  -1.44115222  -1.41539395
0   9.20897388  -1.44115222  -1.41539395
0  -8.09336376   1.44257069  -1.41539395
0   9.20897388   1.44257069  -1.41539395
0  -8.09336376   4.32629347  -1.41539395
0   9.20897388   4.32629347  -1.41539395
0  -5.20964050   7.21001625  -1.41539395
0  -2.32591748   7.21001625  -1.41539395
0   0.55780530   7.21001625  -1.41539395
0   3.44152808   7.21001625  -1.41539395
0   6.32525110   7.21001625  -1.41539395
0  -3.76777911  -8.65045929   0.62370610
0  -0.88405615  -8.65045929   0.62370610
0   1.99966669  -8.65045929   0.62370610
0   4.88338947  -8.65045929   0.62370610
0  -6.65150166  -5.76673651   0.62370610
0   7.76711226  -5.76673651   0.62370610
0  -9.53522491  -2.88301373   0.62370610
0   7.76711226  -2.88301373   0.62370610
0  -9.53522491   0.00070924   0.62370610
0   7.76711226   0.00070924   0.62370610
0  -9.53522491   2.88443208   0.62370610
0   7.76711226   2.88443208   0.62370610
0  -6.65150166   5.76815510   0.62370610
0   7.76711226   5.76815510   0.62370610
0  -3.76777911   8.65187740   0.62370610
0  -0.88405615   8.65187740   0.62370610
0   1.99966669   8.65187740   0.62370610
0   4.88338947   8.65187740   0.62370610
0  -5.20964050  -7.20859814   2.66280603
0  -2.32591748  -7.20859814   2.66280603
0   0.55780530  -7.20859814   2.66280603
0   3.44152808  -7.20859814   2.66280603
0   6.32525110  -7.20859814   2.66280603
0  -8.09336376  -4.32487488   2.66280603
0   6.32525110  -4.32487488   2.66280603
0  -8.09336376  -1.44115222   2.66280603
0   6.32525110  -1.44115222   2.66280603
0  -8.09336376   1.44257069   2.66280603
0   6.32525110   1.44257069   2.66280603
0  -8.09336376   4.32629347   2.66280603
0   6.32525110   4.32629347   2.66280603
0  -5.20964050   7.21001625   2.66280603
0  -2.32591748   7.21001625   2.66280603
0   0.55780530   7.21001625   2.66280603
0   3.44152808   7.21001625   2.66280603
0   6.32525110   7.21001625   2.66280603
0  -6.65150166  -5.76673651   4.70190620
0  -3.76777911  -5.76673651   4.70190620
0  -0.88405615  -5.76673651   4.70190620
0   1.99966669  -5.76673651   4.70190620
0   4.88338947  -5.76673651   4.70190620
0  -6.65150166  -2.88301373   4.70190620
0   4.88338947  -2.88301373   4.70190620
0  -6.65150166   0.00070924   4.70190620
0   4.88338947   0.00070924   4.70190620
0  -6.65150166   2.88443208   4.70190620
0   4.88338947   2.88443208   4.70190620
0  -6.65150166   5.76815510   4.70190620
0  -3.76777911   5.76815510   4.70190620
0  -0.88405615   5.76815510   4.70190620
0   1.99966669   5.76815510   4.70190620
0   4.88338947   5.76815510   4.70190620
0  -5.20964050  -4.32487488   6.74100590
0  -2.32591748  -4.32487488   6.74100590
0   0.55780530  -4.32487488   6.74100590
0   3.44152808  -4.32487488   6.74100590
0  -5.20964050  -1.44115222   6.74100590
0   3.44152808  -1.44115222   6.74100590
0  -5.20964050   1.44257069   6.74100590
0   3.44152808   1.44257069   6.74100590
0  -5.20964050   4.32629347   6.74100590
0  -2.32591748   4.32629347   6.74100590
0   0.55780530   4.32629347   6.74100590
0   3.44152808   4.32629347   6.74100590
0  -3.76777911  -2.88301373   8.78010654
0  -0.88405615  -2.88301373   8.78010654
0   1.99966669  -2.88301373   8.78010654
0  -3.76777911   0.00070924   8.78010654
0  -0.88405615   0.00070924   8.78010654
0   1.99966669   0.00070924   8.78010654
0  -3.76777911   2.88443208   8.78010654
0  -0.88405615   2.88443208   8.78010654
0   1.99966669   2.88443208   8.78010654
1  10.00570107   7.06238365  -2.22568488
1   7.78933716   8.96870899   0.60800421
1  -8.28114223  -7.96812963  -2.50906038
1  -9.63590050  -5.71646166   0.57900316
1  -6.60071373  -8.85309887   0.77422369
1  -8.67774391  -7.86008406   3.72269344
1  -8.93407822   7.49226046  -3.08671474
1  -9.75750732   5.77645731   0.59408283
1  -6.77915764   8.77496147   0.45423344
1  -8.86880112   7.63393831   4.17630005
1   9.41833878  -7.16499472  -1.45536959
1   8.99670506  -8.59207344   2.13406730
1  -2.27205443   1.73641527  11.09296036
1   2.14724612   1.95901549  11.56503010
1  -3.50722265  -2.04043913  11.47402477
1   0.54808635  -1.61100137  10.92585278
1   2.04775858  -0.01470322 -11.64758015
1  -1.89526415   0.04199750 -12.11897087
1   3.58544707  10.96973610   1.86274409
1   0.07757355  10.08361912   3.11415815
1   6.84806156   9.62380409   4.35656595
1  -3.93082619   9.73653030   3.23299336
1  -5.11543989   7.35875559   6.65351677
1  -0.41530517   7.79743481   6.60579062
1   3.41585279   8.32257271   5.39549685
1  -1.94794881   5.47373247   9.45376110
1   2.24469852   5.76065636   8.94849586
1 -10.98033619  -1.60005426   2.91689324
1 -10.42762947   3.04249907   3.73909020
1  -9.05707359  -0.02366756   6.35067511
1  -8.15805531   4.23930359   6.79768848
1  -9.03323174  -4.14591837   5.43039942
1  -6.22551966   1.35795557   9.36912823
1  -6.64484978  -2.74932885   8.76123905
1  11.40819359  -0.26814860  -0.02529935
1  10.50566006   3.27865577   1.01637161
1  10.19912529  -4.25017023   1.44861412
1   8.95935726   6.01359940   3.26938939
1   9.08272743  -0.66984564   3.09065294
1   7.78999233   2.74711061   4.94254780
1   7.90363598  -5.63423061   4.84384012
1   6.79867077  -1.38842571   6.41687536
1   6.26135159   5.83958769   7.16204214
1   5.10691881   2.26642942   8.79771137
1   4.39729786  -1.74351382   9.64014244
1   0.75631881 -10.09829617   2.90911961
1   5.05213499  -9.85309505   3.29026580
1  -3.92773771  -9.56957245   3.58688378
1  -0.91909802  -8.05235481   6.61616135
1   3.17159963  -7.91780090   6.08302641
1  -5.08294773  -7.26938629   6.71448326
1  -2.38568950  -5.20492268   9.41528988
1   1.82195401  -5.72391033   9.15778351
1   2.11956954   3.90298009 -10.31567097
1  -1.77001083   4.38746214  -9.69023228
1  -1.61694133   7.08528900  -5.81878662
1   5.96398830   5.37937927  -8.45443153
1   2.08890724   6.40177488  -6.92510414
1  -5.12481689   5.60600519  -8.02997398
1   1.41736019   8.68737888  -3.65264559
1  -5.37693644   8.00836277  -4.64527798
1   6.11995935   7.42697620  -5.28117371
1  -3.34628081   9.83033943  -1.99135435
1   0.48189691  11.02182007  -0.69111961
1   4.94787121   9.78184319  -2.03153038
1  -5.33095026   1.40903485  -9.40880203
1  -7.02661610  -3.13757682  -7.43151140
1  -7.98876333   0.44618914  -5.91861391
1  -9.04401302  -4.23135233  -4.32547235
1  -8.20109367   4.42589045  -5.56259346
1 -10.99164581  -1.62021196  -1.59104848
1 -10.25677299   2.89456439  -2.56228137
1   6.32247829  -1.46523952  -9.84517002
1   7.67630243   1.79964709  -7.97219038
1   8.93941879  -1.50465691  -6.44985294
1   9.35822201   4.70113754  -5.56239939
1  10.28756237   1.22348678  -4.11493969
1  10.72385406  -2.86082315  -3.33469391
1  -0.78156149  -3.74454999 -10.84097099
1   3.69725013  -4.08978033 -10.92089939
1   0.97519410  -5.82320499  -7.97854853
1   5.00274515  -5.95266485  -7.41673851
1  -3.07111239  -5.59242678  -8.12758923
1   2.61458349  -8.14598656  -4.84437227
1  -2.01192760  -7.72095013  -5.15867281
1  -5.98064995  -7.30543709  -5.78981495
1   6.37458515  -8.20781326  -4.21396303
1  -4.03854418  -9.62242699  -2.38232493
1   3.38428473 -10.20800686  -1.34126210
1  -0.19037157  -9.85647297  -2.08011651
