# typeid, x, y, z
0  -2.16315627  -1.29941559  -9.58372211
0   0.72056663  -1.29941559  -9.58372211
0   3.60428953  -1.29941559  -9.58372211
0  -2.16315627   1.58430731  -9.58372211
0   0.72056663   1.58430731  -9.58372211
0   3.60428953   1.58430731  -9.58372211
0  -3.60501766  -2.74127698  -7.54462242
0  -0.72129476  -2.74127698  -7.54462242
0   2.16242814  -2.74127698  -7.54462242
0   5.04615116  -2.74127698  -7.54462242
0  -3.60501766   0.14244585  -7.54462242
0   5.04615116   0.14244585  -7.54462242
0  -3.60501766   3.02616882  -7.54462242
0  -0.72129476   3.02616882  -7.54462242
0   2.16242814   3.02616882  -7.54462242
0   5.04615116   3.02616882  -7.54462242
0  -5.04687929  -4.18313837  -5.50552225
0  -2.16315627  -4.18313837  -5.50552225
0   0.72056663  -4.18313837  -5.50552225
0   3.60428953  -4.18313837  -5.50552225
0   6.48801231  -4.18313837  -5.50552225
0  -5.04687929  -1.29941559  -5.50552225
0   6.48801231  -1.29941559  -5.50552225
0  -5.04687929   1.58430731  -5.50552225
0   6.48801231   1.58430731  -5.50552225
0  -5.04687929   4.46802998  -5.50552225
0  -2.16315627   4.46802998  -5.50552225
0   0.72056663   4.46802998  -5.50552225
0   3.60428953   4.46802998  -5.50552225
0   6.48801231   4.46802998  -5.50552225
0  -6.48874044  -5.62500000  -3.46642232
0  -3.60501766  -5.62500000  -3.46642232
0  -0.72129476  -5.62500000  -3.46642232
0   2.16242814  -5.62500000  -3.46642232
0   5.04615116  -5.62500000  -3.46642232
0   7.92987394  -5.62500000  -3.46642232
0  -6.48874044  -2.74127698  -3.46642232
0   7.92987394  -2.74127698  -3.46642232
0  -6.48874044   0.14244585  -3.46642232
0   7.92987394   0.14244585  -3.46642232
0  -6.48874044   3.02616882  -3.46642232
0   7.92987394   3.02616882  -3.46642232
0  -6.48874044   5.90989161  -3.46642232
0  -3.60501766   5.90989161  -3.46642232
0  -0.72129476   5.90989161  -3.46642232
0   2.16242814   5.90989161  -3.46642232
0   5.04615116   5.90989161  -3.46642232
0   7.92987394   5.90989161  -3.46642232
0  -7.93060207  -7.06686115  -1.42732227
0  -5.04687929  -7.06686115  -1.42732227
0  -2.16315627  -7.06686115  -1.42732227
0   0.72056663  -7.06686115  -1.42732227
0   3.60428953  -7.06686115  -1.42732227
0   6.48801231  -7.06686115  -1.42732227
0  -7.93060207  -4.18313837  -1.42732227
0   9.37173557  -4.18313837  -1.42732227
0  -7.93060207  -1.29941559  -1.42732227
0   9.37173557  -1.29941559  -1.42732227
0  -7.93060207   1.58430731  -1.42732227
0   9.37173557   1.58430731  -1.42732227
0  -7.93060207   4.46802998  -1.42732227
0   9.37173557   4.46802998  -1.42732227
0  -5.04687929   7.35175323  -1.42732227
0  -2.16315627   7.35175323  -1.42732227
0   0.72056663   7.35175323  -1.42732227
0   3.60428953   7.35175323  -1.42732227
0   6.48801231   7.35175323  -1.42732227
0  -6.48874044  -8.50872231   0.61177766
0  -3.60501766  -8.50872231   0.61177766
0  -0.72129476  -8.50872231   0.61177766
0   2.16242814  -8.50872231   0.61177766
0   5.04615116  -8.50872231   0.61177766
0  -9.37246323  -5.62500000   0.61177766
0   7.92987394  -5.62500000   0.61177766
0  -9.37246323  -2.74127698   0.61177766
0   7.92987394  -2.74127698   0.61177766
0  -9.37246323   0.14244585   0.61177766
0   7.92987394   0.14244585   0.61177766
0  -9.37246323   3.02616882   0.61177766
0   7.92987394   3.02616882   0.61177766
0  -6.48874044   5.90989161   0.61177766
0   7.92987394   5.90989161   0.61177766
0  -3.60501766   8.79361439   0.61177766
0  -0.72129476   8.79361439   0.61177766
0   2.16242814   8.79361439   0.61177766
0   5.04615116   8.79361439   0.61177766
0  -7.93060207  -7.06686115   2.65087771
0  -5.04687929  -7.06686115   2.65087771
0  -2.16315627  -7.06686115   2.65087771
0   0.72056663  -7.06686115   2.65087771
0   3.60428953  -7.06686115   2.65087771
0   6.48801231  -7.06686115   2.65087771
0  -7.93060207  -4.18313837   2.65087771
0   6.48801231  -4.18313837   2.65087771
0  -7.93060207  -1.29941559   2.65087771
0   6.48801231  -1.29941559   2.65087771
0  -7.93060207   1.58430731   2.65087771
0   6.48801231   1.58430731   2.65087771
0  -7.93060207   4.46802998   2.65087771
0   6.48801231   4.46802998   2.65087771
0  -5.04687929   7.35175323   2.65087771
0  -2.16315627   7.35175323   2.65087771
0   0.72056663   7.35175323   2.65087771
0   3.60428953   7.35175323   2.65087771
0   6.48801231   7.35175323   2.65087771
0  -6.48874044  -5.62500000   4.68997765
0  -3.60501766  -5.62500000   4.68997765
0  -0.72129476  -5.62500000   4.68997765
0   2.16242814  -5.62500000   4.68997765
0   5.04615116  -5.62500000   4.68997765
0  -6.48874044  -2.74127698   4.68997765
0   5.04615116  -2.74127698   4.68997765
0  -6.48874044   0.14244585   4.68997765
0   5.04615116   0.14244585   4.68997765
0  -6.48874044   3.02616882   4.68997765
0   5.04615116   3.02616882   4.68997765
0  -6.48874044   5.90989161   4.68997765
0  -3.60501766   5.90989161   4.68997765
0  -0.72129476   5.90989161   4.68997765
0   2.16242814   5.90989161   4.68997765
0   5.04615116   5.90989161   4.68997765
0  -5.04687929  -4.18313837   6.72907782
0  -2.16315627  -4.18313837   6.72907782
0   0.72056663  -4.18313837   6.72907782
0   3.60428953  -4.18313837   6.72907782
0  -5.04687929  -1.29941559   6.72907782
0   3.60428953  -1.29941559   6.72907782
0  -5.04687929   1.58430731   6.72907782
0   3.60428953   1.58430731   6.72907782
0  -5.04687929   4.46802998   6.72907782
0  -2.16315627   4.46802998   6.72907782
0   0.72056663   4.46802998   6.72907782
0   3.60428953   4.46802998   6.72907782
0  -3.60501766  -2.74127698   8.76817799
0  -0.72129476  -2.74127698   8.76817799
0   2.16242814  -2.74127698   8.76817799
0  -3.60501766   0.14244585   8.76817799
0  -0.72129476   0.14244585   8.76817799
0   2.16242814   0.14244585   8.76817799
0  -3.60501766   3.02616882   8.76817799
0  -0.72129476   3.02616882   8.76817799
0   2.16242814   3.02616882   8.76817799
1  10.01002884   7.36618710  -1.93515050
1   7.88080025   9.14518738   0.79690105
1  -9.36863518  -8.53818703   0.72879648
1  -9.26228237   7.10145998  -3.14483452
1  -6.52482414   8.89435768   0.50442815
1  -9.59941006   5.96504736   0.49392653
1  -8.35063839   8.00364590   3.83247256
1   9.39958191  -7.03354359  -1.50664365
1   7.94663429  -9.15450001   1.09151769
1  -3.36718321   2.42770195  11.78211784
1  -2.10575175  -1.45306194  10.89758205
1   2.59502268  -1.35715044  11.49710751
1   0.47075641   1.80045795  11.00751972
1   2.39006066   0.01112578 -11.82671070
1  -0.82797682   1.93612504 -12.22444820
1   4.30457783  11.24182892   1.88440049
1   0.63836998  10.34628677   2.56123352
1  -3.60780549   9.65999794   3.54827881
1   3.76007724   8.30603790   5.33053350
1  -0.18371233   8.42143440   6.12816858
1  -4.94018078   7.34712362   6.81467628
1   2.04649949   5.97073603   8.92608452
1  -2.11024690   5.49084806   9.52213001
1 -10.62360382   3.35345960   3.29913187
1  -9.53308105  -5.81520367   4.67992973
1 -10.77360058  -1.44744992   2.79126859
1  -8.45325375   4.55529404   6.49313307
1  -9.10453033   0.76815528   5.62136984
1  -7.73067522  -3.07691646   7.17959929
1  -6.53452921   0.36920816   9.11183167
1  11.77482414   0.32848671  -0.26980367
1  10.81662846   4.99803829   1.11546659
1   8.92752457  -5.71636105   3.34194636
1  10.82684040  -3.29611254   0.86922896
1   8.41627979   5.56935501   4.24572802
1   7.08088112  -5.73886871   6.95195246
1   9.25941944   1.05484033   2.96136022
1   6.77659035   1.64860940   6.52861452
1   7.78906584  -1.99386823   5.19959068
1   5.29724789  -2.66987658   8.61515045
1   4.59388161   1.60051870   9.53548241
1   1.64366567  -9.63843822   3.20741582
1  -2.34491992 -10.28435326   2.32751036
1  -5.61479568  -6.96072674   7.06337023
1  -1.91357791  -8.13195801   5.39736462
1   4.95051575  -8.62766838   4.72464418
1  -6.27706003  -9.44221592   3.80017757
1   1.82766700  -6.81180143   7.31202412
1  -2.77013254  -5.67063475   9.04780293
1   0.77001333  -4.54813862  10.65622711
1   2.04838681   4.16286421 -10.18306637
1  -3.05670404   4.40662146 -10.10577869
1   4.64092064   5.88569307  -7.74560356
1  -0.11271818   5.98119783  -7.75170040
1   2.78772521   8.18332767  -5.12948942
1  -1.59213805   8.59326363  -4.11967754
1  -3.72307634   6.56018209  -6.71447372
1   6.73032808   7.90440798  -5.06532001
1  -5.71213341   8.81098366  -3.98076057
1   0.94032031  10.30880356  -1.51758921
1   5.11002970   9.92381096  -2.14310884
1  -2.74387097  11.22966385  -0.33038926
1  -4.21921253   0.16897041 -11.15507984
1  -6.44650221  -2.57259011  -7.76805210
1  -5.99408579   1.60887182  -8.36854267
1  -8.61565590  -4.09448481  -4.86310291
1  -8.83104992  -0.07903697  -5.00594616
1  -7.85672379   4.34184933  -5.65502501
1 -10.56512833  -6.02583408  -2.13469744
1 -10.74735546  -1.71073651  -1.73597682
1 -10.17538071   3.05553889  -2.43108487
1   6.46153069  -1.30856788  -9.93699741
1   7.72835493   1.84607506  -8.04126740
1   8.74416065  -2.67066741  -6.52977371
1   9.50859547   4.54315662  -5.63612032
1  10.48379707   0.82528257  -4.27281809
1  11.93596745   3.88764143  -2.68080330
1  11.02404594  -2.79881382  -3.30173016
1   2.33056593  -3.72637320 -10.32753277
1  -2.01105523  -4.76522589  -9.08592319
1   6.13349152  -5.22534704  -8.60353279
1   2.24551821  -6.14926338  -7.05931711
1   1.33941960  -8.34734440  -3.94811153
1   6.28405094  -7.40802002  -5.30851746
1  -2.20902443  -7.19943428  -5.47203684
1   5.00677967  -9.50109673  -2.10313249
1  -6.47172976  -8.81707764  -3.23008037
1   0.97227818 -10.81980610  -0.63993812
1  -2.63248968  -9.81197453  -1.88259065
