# typeid, x, y, z
0  -2.16477942  -3.60799789  -9.17595005
0   0.71894354  -3.60799789  -9.17595005
0   3.60266638  -3.60799789  -9.17595005
0  -2.16477942  -0.72427511  -9.17595005
0   0.71894354  -0.72427511  -9.17595005
0   3.60266638  -0.72427511  -9.17595005
0  -2.16477942   2.15944767  -9.17595005
0   0.71894354   2.15944767  -9.17595005
0   3.60266638   2.15944767  -9.17595005
0  -3.60664082  -5.04985952  -7.13684988
0  -0.72291791  -5.04985952  -7.13684988
0   2.16080499  -5.04985952  -7.13684988
0   5.04452801  -5.04985952  -7.13684988
0  -3.60664082  -2.16613650  -7.13684988
0   5.04452801  -2.16613650  -7.13684988
0  -3.60664082   0.71758628  -7.13684988
0   5.04452801   0.71758628  -7.13684988
0  -3.60664082   3.60130906  -7.13684988
0  -0.72291791   3.60130906  -7.13684988
0   2.16080499   3.60130906  -7.13684988
0   5.04452801   3.60130906  -7.13684988
0  -5.04850245  -6.49172068  -5.09775019
0  -2.16477942  -6.49172068  -5.09775019
0   0.71894354  -6.49172068  -5.09775019
0   3.60266638  -6.49172068  -5.09775019
0   6.48638916  -6.49172068  -5.09775019
0  -5.04850245  -3.60799789  -5.09775019
0   6.48638916  -3.60799789  -5.09775019
0  -5.04850245  -0.72427511  -5.09775019
0   6.48638916  -0.72427511  -5.09775019
0  -5.04850245   2.15944767  -5.09775019
0   6.48638916   2.15944767  -5.09775019
0  -5.04850245   5.04317045  -5.09775019
0  -2.16477942   5.04317045  -5.09775019
0   0.71894354   5.04317045  -5.09775019
0   3.60266638   5.04317045  -5.09775019
0   6.48638916   5.04317045  -5.09775019
0  -6.49036360  -7.93358231  -3.05865002
0  -3.60664082  -7.93358231  -3.05865002
0  -0.72291791  -7.93358231  -3.05865002
0   2.16080499  -7.93358231  -3.05865002
0   5.04452801  -7.93358231  -3.05865002
0  -6.49036360  -5.04985952  -3.05865002
0   7.92825079  -5.04985952  -3.05865002
0  -6.49036360  -2.16613650  -3.05865002
0   7.92825079  -2.16613650  -3.05865002
0  -6.49036360   0.71758628  -3.05865002
0   7.92825079   0.71758628  -3.05865002
0  -6.49036360   3.60130906  -3.05865002
0   7.92825079   3.60130906  -3.05865002
0  -6.49036360   6.48503208  -3.05865002
0  -3.60664082   6.48503208  -3.05865002
0  -0.72291791   6.48503208  -3.05865002
0   2.16080499   6.48503208  -3.05865002
0   5.04452801   6.48503208  -3.05865002
0   7.92825079   6.48503208  -3.05865002
0  -5.04850245  -9.37544346  -1.01954997
0  -2.16477942  -9.37544346  -1.01954997
0   0.71894354  -9.37544346  -1.01954997
0   3.60266638  -9.37544346  -1.01954997
0  -7.93222523  -6.49172068  -1.01954997
0   6.48638916  -6.49172068  -1.01954997
0  -7.93222523  -3.60799789  -1.01954997
0   9.37011242  -3.60799789  -1.01954997
0  -7.93222523  -0.72427511  -1.01954997
0   9.37011242  -0.72427511  -1.01954997
0  -7.93222523   2.15944767  -1.01954997
0   9.37011242   2.15944767  -1.01954997
0  -7.93222523   5.04317045  -1.01954997
0   9.37011242   5.04317045  -1.01954997
0  -5.04850245   7.92689371  -1.01954997
0  -2.16477942   7.92689371  -1.01954997
0   0.71894354   7.92689371  -1.01954997
0   3.60266638   7.92689371  -1.01954997
0   6.48638916   7.92689371  -1.01954997
0  -6.49036360  -7.93358231   1.01954997
0  -3.60664082  -7.93358231   1.01954997
0  -0.72291791  -7.93358231   1.01954997
0   2.16080499  -7.93358231   1.01954997
0   5.04452801  -7.93358231   1.01954997
0  -9.37408638  -5.04985952   1.01954997
0   7.92825079  -5.04985952   1.01954997
0  -9.37408638  -2.16613650   1.01954997
0   7.92825079  -2.16613650   1.01954997
0  -9.37408638   0.71758628   1.01954997
0   7.92825079   0.71758628   1.01954997
0  -9.37408638   3.60130906   1.01954997
0   7.92825079   3.60130906   1.01954997
0  -6.49036360   6.48503208   1.01954997
0   7.92825079   6.48503208   1.01954997
0  -3.60664082   9.36875534   1.01954997
0  -0.72291791   9.36875534   1.01954997
0   2.16080499   9.36875534   1.01954997
0   5.04452801   9.36875534   1.01954997
0  -7.93222523  -6.49172068   3.05865002
0  -5.04850245  -6.49172068   3.05865002
0  -2.16477942  -6.49172068   3.05865002
0   0.71894354  -6.49172068   3.05865002
0   3.60266638  -6.49172068   3.05865002
0   6.48638916  -6.49172068   3.05865002
0  -7.93222523  -3.60799789   3.05865002
0   6.48638916  -3.60799789   3.05865002
0  -7.93222523  -0.72427511   3.05865002
0   6.48638916  -0.72427511   3.05865002
0  -7.93222523   2.15944767   3.05865002
0   6.48638916   2.15944767   3.05865002
0  -7.93222523   5.04317045   3.05865002
0   6.48638916   5.04317045   3.05865002
0  -5.04850245   7.92689371   3.05865002
0  -2.16477942   7.92689371   3.05865002
0   0.71894354   7.92689371   3.05865002
0   3.60266638   7.92689371   3.05865002
0   6.48638916   7.92689371   3.05865002
0  -6.49036360  -5.04985952   5.09775019
0  -3.60664082  -5.04985952   5.09775019
0  -0.72291791  -5.04985952   5.09775019
0   2.16080499  -5.04985952   5.09775019
0   5.04452801  -5.04985952   5.09775019
0  -6.49036360  -2.16613650   5.09775019
0   5.04452801  -2.16613650   5.09775019
0  -6.49036360   0.71758628   5.09775019
0   5.04452801   0.71758628   5.09775019
0  -6.49036360   3.60130906   5.09775019
0   5.04452801   3.60130906   5.09775019
0  -6.49036360   6.48503208   5.09775019
0  -3.60664082   6.48503208   5.09775019
0  -0.72291791   6.48503208   5.09775019
0   2.16080499   6.48503208   5.09775019
0   5.04452801   6.48503208   5.09775019
0  -5.04850245  -3.60799789   7.13684988
0  -2.16477942  -3.60799789   7.13684988
0   0.71894354  -3.60799789   7.13684988
0   3.60266638  -3.60799789   7.13684988
0  -5.04850245  -0.72427511   7.13684988
0   3.60266638  -0.72427511   7.13684988
0  -5.04850245   2.15944767   7.13684988
0   3.60266638   2.15944767   7.13684988
0  -5.04850245   5.04317045   7.13684988
0  -2.16477942   5.04317045   7.13684988
0   0.71894354   5.04317045   7.13684988
0   3.60266638   5.04317045   7.13684988
0  -3.60664082  -2.16613650   9.17595005
0  -0.72291791  -2.16613650   9.17595005
0   2.16080499  -2.16613650   9.17595005
0  -3.60664082   0.71758628   9.17595005
0  -0.72291791   0.71758628   9.17595005
0   2.16080499   0.71758628   9.17595005
0  -3.60664082   3.60130906   9.17595005
0  -0.72291791   3.60130906   9.17595005
0   2.16080499   3.60130906   9.17595005
1   9.74436378   7.91581440  -0.94638395
1   7.75657463  10.11662579   1.48250282
1  -8.26355362  -9.53798103  -1.55079460
1  -9.85870647  -7.90898609   1.31018281
1  -9.36332893   7.28789806  -2.48909068
1  -6.49674749   9.53857613   0.83125156
1  -9.36853123   6.60063267   1.16124451
1  -7.74224615   8.97257328   4.43826532
1   8.10534096  -8.02934074  -2.81511927
1  11.09268570  -5.90899992  -1.73283195
1   6.11517668 -10.95771503  -0.96439248
1   8.09579563  -7.92129326   1.15228343
1  -3.53757501   2.94250584  12.02669430
1   0.63461125   2.29097819  11.29598808
1  -2.62034822  -0.84323192  11.49897671
1   1.00303066  -1.81299734  11.97736359
1   3.05217981   1.77305448 -11.89683819
1  -0.87146682   0.69118947 -11.43316936
1  -1.46113491  -3.45614529 -11.98683357
1   2.26959419  -2.06637812 -11.36489677
1  -3.59233642  10.43969440   3.65961790
1   3.91707873  11.48986053   2.37587619
1   0.15793909  10.79612350   3.50062633
1  -5.13272476   8.03187370   7.37274790
1   3.12553430   9.08210182   5.83599901
1  -0.82825708   8.39571667   7.28863621
1   2.41841459   6.54328728   9.27529430
1  -2.17772222   5.97266626   9.90226460
1 -10.79119015  -1.44801021   3.57874250
1 -10.97556305   2.39268374   3.06219983
1 -10.12004662  -5.12405157   4.43242168
1  -8.92108917   0.96164590   6.57048225
1  -8.86815834   5.04833269   5.79043102
1  -7.95804882  -3.51903129   7.28909540
1  -6.49193192   3.84259987   9.26885509
1  -6.31797981  -0.20514414   9.64334679
1  10.83444118  -0.08241607   1.36936164
1  10.36728859  -4.02155733   1.74981356
1  10.87209129   3.73017430   1.11737812
1   8.70513153  -1.68016231   4.64937115
1   9.23252201   6.13633251   3.71511912
1   7.94932556  -5.46921635   5.26775503
1   8.78847218   2.52908754   4.71982861
1   6.53368330   5.14172459   7.20592737
1   6.33842754   1.08427465   7.52904987
1   6.07054901  -2.66367459   7.78544950
1   4.72209215   3.21880460  10.48329258
1   4.36664581  -0.73608470  10.43720436
1  -1.85687721 -10.56013012   1.57333553
1  -5.74884224 -10.60384369   1.63274801
1   2.19693232 -11.26591873   0.87075782
1   4.92029810  -9.05803490   3.63968992
1   0.65307319  -9.14762211   4.12989235
1  -7.26947641  -8.17877674   5.12194586
1  -3.35863137  -8.40535164   4.59716749
1   3.72877979  -6.79296350   6.92695904
1  -4.53969145  -6.37789440   7.56438398
1  -0.18503498  -6.50477362   7.44160414
1  -1.92381263  -4.51547241  10.25275326
1   2.47557545  -4.96001053   9.76924515
1   3.65636563   5.18320417  -9.09289074
1  -0.62459391   4.64188910  -9.99776268
1  -3.48124003   6.43769693  -7.23215055
1   0.76998073   7.25248528  -6.95331192
1   4.75015545   7.55652714  -5.72901535
1   2.03019261   9.27077866  -3.26133275
1  -2.11509871   8.60489655  -4.43735981
1  -6.01479769   9.37431908  -3.37617278
1   0.85857064  11.73708248  -0.24376588
1   8.49100780   9.17709351  -4.41954565
1  -2.70231032  10.88112736  -1.13156831
1   5.41003370  10.51796055  -1.68461168
1  -4.62619162  -0.64747339 -10.38366795
1  -4.76993704   3.42548800  -9.98618412
1  -6.58602858   0.56131339  -7.24538469
1  -5.58971357  -3.76977706  -8.73886681
1  -9.20250225   0.34303489  -3.58073258
1  -8.10526085  -6.74520445  -5.14412260
1  -7.98569202   4.57335854  -5.47577047
1  -7.88813400  -2.84202480  -5.44961309
1 -10.47950459   3.61236644  -1.62022471
1 -10.09462929  -4.91706276  -2.13604569
1 -11.49362469  -0.76630598  -0.39041591
1   6.56124783   1.97682714  -9.19297981
1   5.93518353  -2.29524803 -10.25788212
1   8.09279346  -2.01236963  -7.04660177
1   7.95912313   5.24216270  -7.45068979
1   9.19403744  -5.51218796  -5.62329912
1   9.21227360   1.51677275  -5.42670631
1  10.84044456  -2.25841379  -3.43117118
1  10.26920033   5.12697315  -3.89841247
1  12.02869225   1.51483488  -2.08179927
1  -1.84689903  -6.51530027  -9.37787151
1   2.33826661  -5.96827173 -10.23386765
1   2.15931273  -8.13966465  -7.05612516
1  -4.96074200  -8.04623413  -7.55733681
1   5.67070055  -9.14403534  -5.71206331
1  -1.54462671  -9.20559692  -5.44259882
1  -5.08904696 -10.41803646  -3.81284571
1   2.62272477 -10.73863411  -3.36357474
1  -0.99046767 -11.73519993  -2.16238213
