# typeid, x, y, z
0   0.09568858   0.10598455  -6.11730003
0  -1.34617281  -1.33587694  -4.07819986
0   1.53754997  -1.33587694  -4.07819986
0  -1.34617281   1.54784596  -4.07819986
0   1.53754997   1.54784596  -4.07819986
0  -2.78803420  -2.77773833  -2.03909993
0   0.09568858  -2.77773833  -2.03909993
0   2.97941136  -2.77773833  -2.03909993
0  -2.78803420   0.10598455  -2.03909993
0   2.97941136   0.10598455  -2.03909993
0  -2.78803420   2.98970747  -2.03909993
0   0.09568858   2.98970747  -2.03909993
0   2.97941136   2.98970747  -2.03909993
0  -4.22989559  -4.21959972  -0.00000000
0  -1.34617281  -4.21959972  -0.00000000
0   1.53754997  -4.21959972  -0.00000000
0  -4.22989559  -1.33587694  -0.00000000
0   4.42127275  -1.33587694  -0.00000000
0  -4.22989559   1.54784596  -0.00000000
0   4.42127275   1.54784596  -0.00000000
0  -1.34617281   4.43156862  -0.00000000
0   1.53754997   4.43156862  -0.00000000
0  -2.78803420  -2.77773833   2.03909993
0   0.09568858  -2.77773833   2.03909993
0   2.97941136  -2.77773833   2.03909993
0  -2.78803420   0.10598455   2.03909993
0   2.97941136   0.10598455   2.03909993
0  -2.78803420   2.98970747   2.03909993
0   0.09568858   2.98970747   2.03909993
0   2.97941136   2.98970747   2.03909993
0  -1.34617281  -1.33587694   4.07819986
0   1.53754997  -1.33587694   4.07819986
0  -1.34617281   1.54784596   4.07819986
0   1.53754997   1.54784596   4.07819986
0   0.09568858   0.10598455   6.11730003
1   4.49688673   4.43800402   0.06453697
1  -4.40205002   4.58954000  -0.21244276
1   4.77815151  -4.21466780   0.07467306
1   1.68219090   5.41022158   2.86036301
1  -2.19284272   4.56178761   4.35235500
1   0.74631912   2.96849036   6.74859715
1  -5.82547569  -2.73895049   2.11836767
1  -4.92880726   1.77160382   3.35237527
1  -2.85636926   0.22264203   6.36152697
1   5.90855026   0.15305622   2.09562683
1   5.30784130   3.54263043   3.83926010
1   3.23564839   0.09513763   6.04668188
1  -2.65297556  -5.75763178   1.95515501
1   1.46030474  -5.16149378   2.82428598
1   0.55173588  -2.93787575   6.23262453
1   0.18956591   3.32863259  -6.07231903
1  -2.80086756   5.22435617  -3.78239560
1   1.49059594   5.50899458  -2.83476138
1  -2.67652059   0.50956678  -6.44056416
1  -5.07183647   1.33965945  -3.11547589
1  -5.90426683  -2.74497461  -1.90787685
1   3.09304285   0.31420752  -6.30789280
1   4.48888016   3.09591794  -4.50521421
1   5.86495304   0.12837358  -2.06620979
1   0.20651120  -2.90563440  -6.03659344
1   1.39981556  -5.40860796  -2.70781112
1  -2.89015603  -5.87276983  -1.96234190
