# typeid, x, y, z
0  -0.40089533  -0.01276872  -5.57417250
0   2.48282766  -0.01276872  -5.57417250
0  -1.84275675  -1.45463014  -3.53507233
0   1.04096615  -1.45463014  -3.53507233
0   3.92468905  -1.45463014  -3.53507233
0  -1.84275675   1.42909276  -3.53507233
0   1.04096615   1.42909276  -3.53507233
0   3.92468905   1.42909276  -3.53507233
0  -3.28461814  -2.89649153  -1.49597228
0  -0.40089533  -2.89649153  -1.49597228
0   2.48282766  -2.89649153  -1.49597228
0  -3.28461814  -0.01276872  -1.49597228
0   5.36655045  -0.01276872  -1.49597228
0  -3.28461814   2.87095428  -1.49597228
0  -0.40089533   2.87095428  -1.49597228
0   2.48282766   2.87095428  -1.49597228
0  -1.84275675  -4.33835316   0.54312772
0   1.04096615  -4.33835316   0.54312772
0  -4.72647953  -1.45463014   0.54312772
0   3.92468905  -1.45463014   0.54312772
0  -4.72647953   1.42909276   0.54312772
0   3.92468905   1.42909276   0.54312772
0  -1.84275675   4.31281567   0.54312772
0   1.04096615   4.31281567   0.54312772
0  -3.28461814  -2.89649153   2.58222771
0  -0.40089533  -2.89649153   2.58222771
0   2.48282766  -2.89649153   2.58222771
0  -3.28461814  -0.01276872   2.58222771
0   2.48282766  -0.01276872   2.58222771
0  -3.28461814   2.87095428   2.58222771
0  -0.40089533   2.87095428   2.58222771
0   2.48282766   2.87095428   2.58222771
0  -1.84275675  -1.45463014   4.62132788
0   1.04096615  -1.45463014   4.62132788
0  -1.84275675   1.42909276   4.62132788
0   1.04096615   1.42909276   4.62132788
1   5.58159781   2.86734772  -1.44829547
1   3.89984345   5.15333891   1.08814430
1  -4.73578310  -4.55301619   0.41611966
1  -4.84660196   4.44018221   0.49454197
1   5.34706736  -3.06696582  -1.52263033
1   3.59731221  -5.44892836   1.15919542
1  -0.43046331   0.01084267   6.79670906
1   1.01947367   0.16819438  -8.17175674
1  -2.03980207   5.26732206   3.40040565
1   1.27241087   4.18831158   4.74896240
1  -6.04572392  -1.58459234   3.09074521
1  -5.96473646   2.61147571   3.61927676
1  -4.09808350  -0.12972127   6.01793575
1   8.07915878  -0.02906354  -0.06976745
1   5.69205475   2.10242534   2.93573499
1   5.31962824  -2.00291610   2.97726583
1   3.42578816   0.08507636   5.68424082
1  -0.43964958  -6.00050020   2.55686355
1   2.11337519  -4.05243397   5.15886211
1  -2.64516187  -4.33324814   5.16090870
1  -0.36156559   2.99620032  -5.51200056
1   3.63247681   2.93807697  -6.00740004
1   1.95943439   5.36089516  -2.86327052
1  -1.86524248   5.29823971  -2.23065019
1  -3.49124074   0.02260782  -5.61560678
1  -5.59307718   3.00045609  -3.24104476
1  -5.80097723  -1.28434360  -2.26306248
1   6.49389982  -0.02034623  -4.16935349
1  -0.40992370  -2.91816616  -5.67377615
1   2.88302040  -4.35822916  -3.98929071
1  -0.48248941  -5.79925156  -1.60059917
