# typeid, x, y, z
0  -2.89244556  -1.45027173  -5.09775019
0  -0.00872260  -1.45027173  -5.09775019
0   2.87500024  -1.45027173  -5.09775019
0  -2.89244556   1.43345118  -5.09775019
0  -0.00872260   1.43345118  -5.09775019
0   2.87500024   1.43345118  -5.09775019
0  -4.33430672  -2.89213324  -3.05865002
0  -1.45058405  -2.89213324  -3.05865002
0   1.43313885  -2.89213324  -3.05865002
0   4.31686163  -2.89213324  -3.05865002
0  -4.33430672  -0.00841031  -3.05865002
0   4.31686163  -0.00841031  -3.05865002
0  -4.33430672   2.87531257  -3.05865002
0  -1.45058405   2.87531257  -3.05865002
0   1.43313885   2.87531257  -3.05865002
0   4.31686163   2.87531257  -3.05865002
0  -2.89244556  -4.33399439  -1.01954997
0  -0.00872260  -4.33399439  -1.01954997
0   2.87500024  -4.33399439  -1.01954997
0  -5.77616835  -1.45027173  -1.01954997
0   5.75872326  -1.45027173  -1.01954997
0  -5.77616835   1.43345118  -1.01954997
0   5.75872326   1.43345118  -1.01954997
0  -2.89244556   4.31717396  -1.01954997
0  -0.00872260   4.31717396  -1.01954997
0   2.87500024   4.31717396  -1.01954997
0  -1.45058405  -5.77585602   1.01954997
0   1.43313885  -5.77585602   1.01954997
0  -4.33430672  -2.89213324   1.01954997
0   4.31686163  -2.89213324   1.01954997
0  -4.33430672  -0.00841031   1.01954997
0   4.31686163  -0.00841031   1.01954997
0  -4.33430672   2.87531257   1.01954997
0   4.31686163   2.87531257   1.01954997
0  -1.45058405   5.75903559   1.01954997
0   1.43313885   5.75903559   1.01954997
0  -2.89244556  -4.33399439   3.05865002
0  -0.00872260  -4.33399439   3.05865002
0   2.87500024  -4.33399439   3.05865002
0  -2.89244556  -1.45027173   3.05865002
0   2.87500024  -1.45027173   3.05865002
0  -2.89244556   1.43345118   3.05865002
0   2.87500024   1.43345118   3.05865002
0  -2.89244556   4.31717396   3.05865002
0  -0.00872260   4.31717396   3.05865002
0   2.87500024   4.31717396   3.05865002
0  -1.45058405  -2.89213324   5.09775019
0   1.43313885  -2.89213324   5.09775019
0  -1.45058405  -0.00841031   5.09775019
0   1.43313885  -0.00841031   5.09775019
0  -1.45058405   2.87531257   5.09775019
0   1.43313885   2.87531257   5.09775019
1   6.47735071   4.16490126  -1.65334797
1   4.42212152   5.81718159   1.12654245
1  -5.81560898  -4.43502855  -1.16152322
1  -5.65368414  -5.50001907   2.61452746
1  -5.95151329   4.41423416  -1.04396677
1  -4.21820831   6.61779547   1.64104950
1   7.13419390  -3.85680866  -2.24173141
1   4.52213526  -5.83819294   0.83603662
1  -1.89151895  -1.73052585   7.72352886
1   0.10285091   1.53548193   7.41021204
1   2.82495356   0.21396062  -7.80358028
1  -1.47502041  -0.00253047  -7.28520536
1   1.59686291   6.90627193   3.65336728
1  -1.60676157   5.58074665   5.61428976
1  -8.11283016   0.28259426   0.32050329
1  -6.02736044   3.52705836   3.25225949
1  -4.08095646  -4.13990688   5.80352116
1  -3.85716891   1.24875128   6.00386858
1  -5.81762981  -1.19636106   3.09716034
1   6.73563814   1.63554955   1.82562971
1   7.07660055  -2.26337004   1.62665844
1   5.65326118   4.75405121   4.75925159
1   4.62836266  -2.78472066   4.81006956
1   4.12179136   1.06762528   5.63383007
1   2.18665242  -7.23804522   3.63945770
1  -1.97589529  -7.14523888   3.61361718
1   0.21253160  -5.18774080   6.29909515
1   2.79797935   4.28183985  -5.03237534
1  -1.29336667   3.85575771  -5.89276600
1  -2.24659252   6.20079088  -3.02173996
1   1.39466608   6.72671556  -1.85706007
1  -5.13144684   0.23928046  -6.17875767
1  -7.15628195  -1.94748473  -3.66951323
1  -7.30578804   1.89274645  -3.43643284
1   5.74672031   1.49101222  -5.10238266
1   5.38431406  -2.65308809  -5.88177204
1   8.15084934   0.20820671  -2.10566783
1   1.28644454  -3.82105827  -6.20626879
1  -3.88716388  -4.31262636  -5.80850697
1   3.44061160  -5.70245504  -3.46968675
1  -1.15445018  -5.78270102  -3.30470538
1   0.49204624  -8.22896862  -0.46761695
