# typeid, x, y, z
0  -0.00672793  -0.00925572  -8.03869629
0  -1.44858932  -1.45111716  -5.99959564
0   1.43513346  -1.45111716  -5.99959564
0  -1.44858932   1.43260574  -5.99959564
0   1.43513346   1.43260574  -5.99959564
0  -2.89045072  -2.89297867  -3.96049595
0  -0.00672793  -2.89297867  -3.96049595
0   2.87699485  -2.89297867  -3.96049595
0  -2.89045072  -0.00925572  -3.96049595
0   2.87699485  -0.00925572  -3.96049595
0  -2.89045072   2.87446713  -3.96049595
0  -0.00672793   2.87446713  -3.96049595
0   2.87699485   2.87446713  -3.96049595
0  -4.33231211  -4.33483982  -1.92139590
0  -1.44858932  -4.33483982  -1.92139590
0   1.43513346  -4.33483982  -1.92139590
0   4.31885624  -4.33483982  -1.92139590
0  -4.33231211  -1.45111716  -1.92139590
0   4.31885624  -1.45111716  -1.92139590
0  -4.33231211   1.43260574  -1.92139590
0   4.31885624   1.43260574  -1.92139590
0  -4.33231211   4.31632853  -1.92139590
0  -1.44858932   4.31632853  -1.92139590
0   1.43513346   4.31632853  -1.92139590
0   4.31885624   4.31632853  -1.92139590
0  -2.89045072  -5.77670145   0.11770415
0  -0.00672793  -5.77670145   0.11770415
0   2.87699485  -5.77670145   0.11770415
0  -5.77417374  -2.89297867   0.11770415
0   5.76071787  -2.89297867   0.11770415
0  -5.77417374  -0.00925572   0.11770415
0   5.76071787  -0.00925572   0.11770415
0  -5.77417374   2.87446713   0.11770415
0   5.76071787   2.87446713   0.11770415
0  -2.89045072   5.75819016   0.11770415
0  -0.00672793   5.75819016   0.11770415
0   2.87699485   5.75819016   0.11770415
0  -4.33231211  -4.33483982   2.15680408
0  -1.44858932  -4.33483982   2.15680408
0   1.43513346  -4.33483982   2.15680408
0   4.31885624  -4.33483982   2.15680408
0  -4.33231211  -1.45111716   2.15680408
0   4.31885624  -1.45111716   2.15680408
0  -4.33231211   1.43260574   2.15680408
0   4.31885624   1.43260574   2.15680408
0  -4.33231211   4.31632853   2.15680408
0  -1.44858932   4.31632853   2.15680408
0   1.43513346   4.31632853   2.15680408
0   4.31885624   4.31632853   2.15680408
0  -2.89045072  -2.89297867   4.19590425
0  -0.00672793  -2.89297867   4.19590425
0   2.87699485  -2.89297867   4.19590425
0  -2.89045072  -0.00925572   4.19590425
0   2.87699485  -0.00925572   4.19590425
0  -2.89045072   2.87446713   4.19590425
0  -0.00672793   2.87446713   4.19590425
0   2.87699485   2.87446713   4.19590425
0  -1.44858932  -1.45111716   6.23500395
0   1.43513346  -1.45111716   6.23500395
0  -1.44858932   1.43260574   6.23500395
0   1.43513346   1.43260574   6.23500395
1   5.78255320   5.83606386   0.04814902
1  -5.92349052  -5.83241987   0.10591447
1  -5.92746878   5.88283920   0.26479423
1   5.80924463  -6.00060558   0.16611841
1  -0.18765068  -0.02421106   8.41127396
1   2.68477583   8.16434765   2.04550004
1  -1.67641091   8.13184452   1.26479936
1   4.17849445   5.56264114   4.88160801
1  -3.75848937   5.66846037   4.63085365
1   0.01565267   5.96678829   4.00691223
1  -0.16790171   3.80385637   7.05538750
1  -6.82645416   2.54152298   2.91598177
1  -7.78732157  -1.52728033   1.78103542
1  -4.22853708   1.90976703   6.64529753
1  -5.36113644  -1.56334591   4.91166687
1   7.89084101  -1.50891685   1.40109622
1   5.50511742  -1.68199396   4.65844059
1   6.69567680   2.68125224   3.03692937
1   4.42989445   1.68572378   6.49920702
1   3.68223357  -1.86882472   8.32055664
1  -2.39755774  -8.16084003   1.83039153
1  -1.86959565  -5.44459009   4.72197437
1   1.79957509  -7.17973948   2.49257779
1   1.49970448  -4.45371819   6.31142712
1   0.63744706   2.97626615  -8.25063038
1  -2.31158900   4.49097300  -6.24865103
1   1.69908166   5.19223785  -4.94112778
1   1.75561118   7.32292700  -1.82395160
1  -2.85363221   6.65371990  -2.75846624
1  -2.77226520   0.84101897  -8.65431499
1  -4.24206400  -2.23750639  -6.45473289
1  -5.27380705   1.27813208  -4.63601398
1  -7.64863205   1.56071103  -1.44658935
1  -6.93092442  -2.28577900  -2.59196949
1   2.83963227  -0.34241304  -8.84338570
1   4.32430649   2.31675315  -6.38042212
1   4.76368952  -1.48519099  -5.58433056
1   7.13934803   1.33609509  -1.99670362
1   6.90445471  -2.84806466  -2.58026552
1  -0.21872579  -2.89876556  -8.23933220
1  -1.28974223  -5.03366804  -5.21190500
1   3.07104301  -5.63259459  -4.28118086
1   1.51114964  -7.93311453  -1.30586958
1  -2.68051338  -7.28632593  -2.35471296
