# typeid, x, y, z
0  -0.49431258  -0.00634237  -7.62362766
0   2.38941026  -0.00634237  -7.62362766
0  -1.93617404  -1.44820380  -5.58452749
0   0.94754887  -1.44820380  -5.58452749
0   3.83127165  -1.44820380  -5.58452749
0  -1.93617404   1.43551910  -5.58452749
0   0.94754887   1.43551910  -5.58452749
0   3.83127165   1.43551910  -5.58452749
0  -3.37803555  -2.89006519  -3.54542756
0  -0.49431258  -2.89006519  -3.54542756
0   2.38941026  -2.89006519  -3.54542756
0   5.27313328  -2.89006519  -3.54542756
0  -3.37803555  -0.00634237  -3.54542756
0   5.27313328  -0.00634237  -3.54542756
0  -3.37803555   2.87738061  -3.54542756
0  -0.49431258   2.87738061  -3.54542756
0   2.38941026   2.87738061  -3.54542756
0   5.27313328   2.87738061  -3.54542756
0  -4.81989670  -4.33192682  -1.50632763
0  -1.93617404  -4.33192682  -1.50632763
0   0.94754887  -4.33192682  -1.50632763
0   3.83127165  -4.33192682  -1.50632763
0  -4.81989670  -1.44820380  -1.50632763
0   6.71499443  -1.44820380  -1.50632763
0  -4.81989670   1.43551910  -1.50632763
0   6.71499443   1.43551910  -1.50632763
0  -4.81989670   4.31924200  -1.50632763
0  -1.93617404   4.31924200  -1.50632763
0   0.94754887   4.31924200  -1.50632763
0   3.83127165   4.31924200  -1.50632763
0  -3.37803555  -5.77378798   0.53277236
0  -0.49431258  -5.77378798   0.53277236
0   2.38941026  -5.77378798   0.53277236
0  -6.26175833  -2.89006519   0.53277236
0   5.27313328  -2.89006519   0.53277236
0  -6.26175833  -0.00634237   0.53277236
0   5.27313328  -0.00634237   0.53277236
0  -6.26175833   2.87738061   0.53277236
0   5.27313328   2.87738061   0.53277236
0  -3.37803555   5.76110315   0.53277236
0  -0.49431258   5.76110315   0.53277236
0   2.38941026   5.76110315   0.53277236
0  -4.81989670  -4.33192682   2.57187247
0  -1.93617404  -4.33192682   2.57187247
0   0.94754887  -4.33192682   2.57187247
0   3.83127165  -4.33192682   2.57187247
0  -4.81989670  -1.44820380   2.57187247
0   3.83127165  -1.44820380   2.57187247
0  -4.81989670   1.43551910   2.57187247
0   3.83127165   1.43551910   2.57187247
0  -4.81989670   4.31924200   2.57187247
0  -1.93617404   4.31924200   2.57187247
0   0.94754887   4.31924200   2.57187247
0   3.83127165   4.31924200   2.57187247
0  -3.37803555  -2.89006519   4.61097240
0  -0.49431258  -2.89006519   4.61097240
0   2.38941026  -2.89006519   4.61097240
0  -3.37803555  -0.00634237   4.61097240
0   2.38941026  -0.00634237   4.61097240
0  -3.37803555   2.87738061   4.61097240
0  -0.49431258   2.87738061   4.61097240
0   2.38941026   2.87738061   4.61097240
0  -1.93617404  -1.44820380   6.65007257
0   0.94754887  -1.44820380   6.65007257
0  -1.93617404   1.43551910   6.65007257
0   0.94754887   1.43551910   6.65007257
1   7.39757299   4.18987179  -1.97667599
1   5.36173391   6.15299559   0.89722580
1  -6.46256590  -5.81142616   0.54543400
1  -6.43715096   5.78734636   0.80869859
1   6.89711523  -4.36900425  -1.62148988
1   5.19946146  -6.32890415   1.05984616
1  -0.46742940   0.02241960   8.87281609
1   1.09098625   0.18812457 -10.26564121
1   0.99906796   7.15988541   2.79587483
1  -3.22660732   5.93110895   4.61072683
1   0.46425119   4.32249403   7.09359598
1  -6.23620939  -4.26285315   5.08416605
1  -7.67885876  -1.12922752   3.01430011
1  -6.29525423   2.92137480   4.60908508
1  -4.66533756  -0.28576711   7.07846546
1   7.15344906  -3.34936786   2.65441918
1   8.26228428   0.07754993   0.46452558
1   5.08969879  -1.45298827   5.22671795
1   6.34550858   2.64592886   3.26298809
1   3.87296486   1.71709430   6.84837532
1   0.99007624  -7.12802029   2.89598775
1  -2.99744797  -4.15244150   7.23411942
1  -3.36167192  -6.66680813   3.79476452
1   0.91496903  -4.49574327   6.51652431
1  -1.26485503   3.24561787  -7.75159025
1   2.45073676   3.06723309  -7.42033434
1  -0.05151220   5.43703175  -4.83144808
1   0.98171407   7.39187908  -1.38750815
1   4.03951168   5.58788872  -4.07358027
1  -3.44591355   6.66034842  -2.58354998
1  -4.03551817   0.17306514  -7.17688227
1  -6.39385176  -0.65165162  -3.83314776
1  -7.01417255  -4.69501209  -3.39750934
1  -7.18992805   2.79762506  -2.25720644
1  -8.49018192  -1.40377808  -0.79194283
1   5.25923586  -0.09505799  -7.79219770
1   8.33923817   0.07120398  -3.56808734
1  -1.33717120  -2.70430493  -8.35572338
1   2.51004601  -3.19737697  -7.42964745
1  -0.29512495  -5.34921503  -5.14992714
1   3.86118865  -5.35595655  -4.27822447
1  -3.37539148  -6.62839699  -2.62844515
1   1.48587155  -7.32401657  -1.66614342
