# typeid, x, y, z
0  -1.90107071  -3.86918759  -5.46620417
0   0.98265219  -3.86918759  -5.46620417
0   3.86637497  -3.86918759  -5.46620417
0  -1.90107071  -0.98546481  -5.46620417
0   0.98265219  -0.98546481  -5.46620417
0   3.86637497  -0.98546481  -5.46620417
0  -1.90107071   1.89825809  -5.46620417
0   0.98265219   1.89825809  -5.46620417
0   3.86637497   1.89825809  -5.46620417
0  -3.34293222  -5.31104898  -3.42710447
0  -0.45920923  -5.31104898  -3.42710447
0   2.42451358  -5.31104898  -3.42710447
0  -3.34293222  -2.42732620  -3.42710447
0   5.30823660  -2.42732620  -3.42710447
0  -3.34293222   0.45639667  -3.42710447
0   5.30823660   0.45639667  -3.42710447
0  -3.34293222   3.34011960  -3.42710447
0  -0.45920923   3.34011960  -3.42710447
0   2.42451358   3.34011960  -3.42710447
0   5.30823660   3.34011960  -3.42710447
0  -1.90107071  -6.75291061  -1.38800442
0   0.98265219  -6.75291061  -1.38800442
0  -4.78479338  -3.86918759  -1.38800442
0   3.86637497  -3.86918759  -1.38800442
0  -4.78479338  -0.98546481  -1.38800442
0   6.75009775  -0.98546481  -1.38800442
0  -4.78479338   1.89825809  -1.38800442
0   6.75009775   1.89825809  -1.38800442
0  -4.78479338   4.78198099  -1.38800442
0  -1.90107071   4.78198099  -1.38800442
0   0.98265219   4.78198099  -1.38800442
0   3.86637497   4.78198099  -1.38800442
0  -3.34293222  -5.31104898   0.65109563
0  -0.45920923  -5.31104898   0.65109563
0   2.42451358  -5.31104898   0.65109563
0  -6.22665501  -2.42732620   0.65109563
0   5.30823660  -2.42732620   0.65109563
0  -6.22665501   0.45639667   0.65109563
0   5.30823660   0.45639667   0.65109563
0  -6.22665501   3.34011960   0.65109563
0   5.30823660   3.34011960   0.65109563
0  -3.34293222   6.22384262   0.65109563
0  -0.45920923   6.22384262   0.65109563
0   2.42451358   6.22384262   0.65109563
0  -4.78479338  -3.86918759   2.69019556
0  -1.90107071  -3.86918759   2.69019556
0   0.98265219  -3.86918759   2.69019556
0   3.86637497  -3.86918759   2.69019556
0  -4.78479338  -0.98546481   2.69019556
0   3.86637497  -0.98546481   2.69019556
0  -4.78479338   1.89825809   2.69019556
0   3.86637497   1.89825809   2.69019556
0  -4.78479338   4.78198099   2.69019556
0  -1.90107071   4.78198099   2.69019556
0   0.98265219   4.78198099   2.69019556
0   3.86637497   4.78198099   2.69019556
0  -3.34293222  -2.42732620   4.72929573
0  -0.45920923  -2.42732620   4.72929573
0   2.42451358  -2.42732620   4.72929573
0  -3.34293222   0.45639667   4.72929573
0   2.42451358   0.45639667   4.72929573
0  -3.34293222   3.34011960   4.72929573
0  -0.45920923   3.34011960   4.72929573
0   2.42451358   3.34011960   4.72929573
0  -1.90107071  -0.98546481   6.76839542
0   0.98265219  -0.98546481   6.76839542
0  -1.90107071   1.89825809   6.76839542
0   0.98265219   1.89825809   6.76839542
1   7.80919743   4.77194309  -2.67259693
1   5.34517622   6.30622196   0.75560385
1  -4.86416292  -7.05885315  -1.54371703
1  -6.87253189  -5.41127825   1.11630309
1  -6.31005096   6.36529446   0.74214303
1   5.42463684  -5.54957914  -3.74078941
1   3.39879203  -8.29685688  -1.80914998
1   8.06459332  -3.33889675  -2.25413918
1   5.34783268  -5.34310055   0.65661865
1  -0.55008787   0.54094440   8.89448738
1  -0.80391258   1.62838137  -8.02712059
1  -0.59053016  -2.58814907  -7.71468401
1   2.61847162   0.31259978  -7.62346458
1   3.37709618  -3.61936426  -8.37342930
1   0.85362172   7.96575689   2.50657964
1   2.94712782   6.24333382   5.19156885
1  -3.43883991   6.26993227   4.80674744
1  -0.33339313   4.45508862   7.39715433
1  -8.17316628  -1.18768489   2.39051771
1  -7.18732548   3.15538788   3.65734839
1  -5.96630239  -1.31597495   5.39070654
1  -4.80194426   1.87048364   7.00275946
1   7.81096411  -0.94055963   1.47580230
1   8.14929867   2.77095175   1.00418413
1   6.50669098  -3.92404890   4.20308447
1   6.27880287   4.39207125   4.30839157
1   5.69871950   0.51172286   4.22468805
1   3.78600717  -1.46029723   7.13727283
1   3.79561210   2.52771592   7.08901358
1   2.86017823  -7.99903679   2.38400888
1  -0.64187074  -8.53301239   0.34378427
1  -4.05250311  -7.86954689   2.40726280
1  -0.58819675  -6.34482718   3.41210675
1   2.79816222  -5.23423100   5.05892897
1  -4.15419340  -5.08041000   5.53039074
1  -0.49218351  -3.50878072   7.44969130
1   2.24948120   4.20980310  -6.58780241
1  -1.58526504   5.17659950  -5.21747494
1   4.06935263   6.10799122  -4.00376320
1  -3.49152875   7.11569023  -2.28468680
1   0.87396711   7.60231924  -1.54336643
1  -4.43093967  -1.38614416  -6.92172289
1  -4.46053648   2.81050134  -6.13043118
1  -6.24126434   0.44100899  -3.43479753
1  -5.83514166  -4.04015398  -4.31501675
1  -6.76885843   4.41655922  -3.46618247
1  -8.16479397  -2.81117535  -1.56170130
1  -8.75075626   2.14830399  -0.45803151
1   6.46767902  -2.39458728  -6.11494684
1   6.46053219   2.93077803  -6.22433138
1   8.46123219   0.55240101  -3.28817558
1  -2.78881025  -6.48309088  -6.27551174
1   2.17019010  -6.70874643  -5.95924091
1  -0.70533502  -8.22029686  -3.63960981
