# typeid, x, y, z
0  -0.94081551  -1.94289732  -7.09450293
0   1.94290733  -1.94289732  -7.09450293
0  -0.94081551   0.94082552  -7.09450293
0   1.94290733   0.94082552  -7.09450293
0  -2.38267684  -3.38475871  -5.05540323
0   0.50104594  -3.38475871  -5.05540323
0   3.38476872  -3.38475871  -5.05540323
0  -2.38267684  -0.50103587  -5.05540323
0   3.38476872  -0.50103587  -5.05540323
0  -2.38267684   2.38268709  -5.05540323
0   0.50104594   2.38268709  -5.05540323
0   3.38476872   2.38268709  -5.05540323
0  -3.82453847  -4.82662010  -3.01630306
0  -0.94081551  -4.82662010  -3.01630306
0   1.94290733  -4.82662010  -3.01630306
0   4.82663012  -4.82662010  -3.01630306
0  -3.82453847  -1.94289732  -3.01630306
0   4.82663012  -1.94289732  -3.01630306
0  -3.82453847   0.94082552  -3.01630306
0   4.82663012   0.94082552  -3.01630306
0  -3.82453847   3.82454848  -3.01630306
0  -0.94081551   3.82454848  -3.01630306
0   1.94290733   3.82454848  -3.01630306
0   4.82663012   3.82454848  -3.01630306
0  -2.38267684  -6.26848173  -0.97720307
0   0.50104594  -6.26848173  -0.97720307
0   3.38476872  -6.26848173  -0.97720307
0  -5.26639986  -3.38475871  -0.97720307
0   6.26849174  -3.38475871  -0.97720307
0  -5.26639986  -0.50103587  -0.97720307
0   6.26849174  -0.50103587  -0.97720307
0  -5.26639986   2.38268709  -0.97720307
0   6.26849174   2.38268709  -0.97720307
0  -2.38267684   5.26640987  -0.97720307
0   0.50104594   5.26640987  -0.97720307
0   3.38476872   5.26640987  -0.97720307
0  -3.82453847  -4.82662010   1.06189692
0  -0.94081551  -4.82662010   1.06189692
0   1.94290733  -4.82662010   1.06189692
0   4.82663012  -4.82662010   1.06189692
0  -6.70826101  -1.94289732   1.06189692
0   4.82663012  -1.94289732   1.06189692
0  -6.70826101   0.94082552   1.06189692
0   4.82663012   0.94082552   1.06189692
0  -3.82453847   3.82454848   1.06189692
0   4.82663012   3.82454848   1.06189692
0  -0.94081551   6.70827150   1.06189692
0   1.94290733   6.70827150   1.06189692
0  -5.26639986  -3.38475871   3.10099697
0  -2.38267684  -3.38475871   3.10099697
0   0.50104594  -3.38475871   3.10099697
0   3.38476872  -3.38475871   3.10099697
0  -5.26639986  -0.50103587   3.10099697
0   3.38476872  -0.50103587   3.10099697
0  -5.26639986   2.38268709   3.10099697
0   3.38476872   2.38268709   3.10099697
0  -2.38267684   5.26640987   3.10099697
0   0.50104594   5.26640987   3.10099697
0   3.38476872   5.26640987   3.10099697
0  -3.82453847  -1.94289732   5.14009714
0  -0.94081551  -1.94289732   5.14009714
0   1.94290733  -1.94289732   5.14009714
0  -3.82453847   0.94082552   5.14009714
0   1.94290733   0.94082552   5.14009714
0  -3.82453847   3.82454848   5.14009714
0  -0.94081551   3.82454848   5.14009714
0   1.94290733   3.82454848   5.14009714
0  -2.38267684  -0.50103587   7.17919683
0   0.50104594  -0.50103587   7.17919683
0  -2.38267684   2.38268709   7.17919683
0   0.50104594   2.38268709   7.17919683
1   6.33408213   5.30431986  -1.17127120
1   4.50955820   7.77487612   2.32732415
1  -5.29000378  -6.55637503  -0.95468885
1  -7.56162548  -4.67602491   1.64160478
1  -5.32656670   5.98727322  -2.10443068
1  -3.75356579   6.96350002   1.20447218
1  -6.77294397   3.86444068   0.91038054
1  -6.29852438   5.38785887   4.47686386
1   6.30726957  -6.34653807  -0.97948861
1  -2.62076664   0.95922709   9.76687050
1   0.52549917  -0.53641230  -9.19618797
1   0.31618345   8.98763943   2.32548308
1   1.87642157   6.59157372   5.29695702
1  -1.93343282   6.62326908   5.60948992
1  -0.99038702   4.51097870   8.79259968
1  -7.50953102  -1.99501896   4.26730251
1  -7.91077042   1.69587719   4.37688589
1  -5.33255482   3.22510219   7.65623856
1  -5.64747286  -0.48939198   7.14234257
1   8.15487957  -1.87299764   0.79037225
1   7.51988220   2.74047589   1.65471816
1   5.23143482   3.82306242   4.68730640
1   6.17879820  -0.10500421   3.52926421
1   3.09048796   3.14684677   7.88125134
1   6.11124182  -4.02706861   3.68662977
1   3.68655467  -0.59842443   6.91354895
1  -1.01454687  -7.86530209   1.09847689
1  -4.75786924  -6.89499617   2.88519621
1   3.42431998  -6.92540979   2.63096690
1  -4.39836025  -4.57299995   6.08300114
1  -1.02026308  -5.74501514   4.14329338
1   2.60839677  -4.53289652   6.02720261
1  -0.90235770  -2.97924304   7.94215775
1  -0.88450265   3.45862436  -8.25638390
1  -2.93802738   5.45393562  -5.26449919
1   0.75742555   5.30849552  -5.09092522
1   5.12654877   6.11655045  -5.05585670
1  -0.95026630   7.73260689  -1.73167658
1   2.85474706   8.06498241  -1.61916852
1  -3.37031269  -0.11576190  -7.88444233
1  -5.25488520   2.08875585  -5.20982599
1  -5.17791128  -2.58316493  -5.45515442
1  -7.92748213  -3.04535699  -2.23868275
1  -7.76471901   1.22526515  -1.79166818
1   6.01983786  -4.32662487  -5.64460659
1   4.57894135  -0.61100388  -7.71842575
1   7.65865946  -1.89402723  -3.24289036
1   6.37580824   2.11683750  -5.17751741
1   2.42733049  -4.76940727  -7.50225401
1   3.35088348  -7.28779936  -4.09308195
1  -0.98061317  -5.76789665  -6.19345474
1  -0.92543113  -7.87371540  -2.96472478
